1 0.465125883203125 0.6492534027777778 0.028132033593750005 0.03086728055555557
1 0.43638892343749996 0.6660478868055556 0.017121190624999994 0.05013263750000003
1 0.4006358484375 0.6714192409722222 0.07452753437500004 0.08236075972222226
1 0.348741356640625 0.6705240131944444 0.03530422109374998 0.04834218472222223
1 0.29388018984375003 0.6732096916666667 0.0805703078125 0.07877985833333333
1 0.21230275039062502 0.6813820236111111 0.11682694921875 0.11660993611111105
1 0.020041858203125 0.7313993604166668 0.04008371640625 0.14144565416666666
3 0.62378183671875 0.6168978861111111 0.06331522812500001 0.13410902777777775
1 0.545158840234375 0.6579908569444445 0.14401942734374992 0.27035814722222223
1 0.8650244257812499 0.675000142361111 0.26894512812499993 0.2828913069444444
0 0.659971530078125 0.6266579583333333 0.009064158593750005 0.03580902499999997