1 0.1878165984375 0.35482532638888886 0.02884688281250001 0.05821353055555557
1 0.4319236007812499 0.3444300527777778 0.014033618749999999 0.018018475000000027
1 0.445567396875 0.35274627152777777 0.019491135937500025 0.0346509125
1 0.41905944999999994 0.3430440166666667 0.014813264062499965 0.018018474999999985
1 0.40346654140625005 0.3472021243055555 0.02260972031249997 0.031878837499999965
1 0.3465524203125 0.3575973986111111 0.04755837499999997 0.0526693861111111
1 0.24751382031250002 0.35598036944444444 0.09542387812500001 0.12058516944444442
1 0.485459273828125 0.3899844625 0.08887958515624997 0.12187880555555558
1 0.53343345234375 0.36397317430555554 0.02338936406249994 0.0637576736111111
1 0.62543162109375 0.356349975 0.014033618749999999 0.020790547222222205
1 0.576313956640625 0.37783353819444443 0.08108313203124995 0.11088291527777774
1 0.7996564062500001 0.4465347416666667 0.3446033062500001 0.3857801527777778
1 0.37571115703125 0.3418312347222222 0.027287592187500032 0.04331363888888886