1 0.38528397460937497 0.4630104118055556 0.0077487289062500245 0.010714290277777788
1 0.392602216796875 0.46377571944444446 0.012053575781250015 0.0153061305555555
1 0.402072884765625 0.46377571944444446 0.013775516406249943 0.018367355555555617
1 0.59320817421875 0.4645410236111111 0.020663273437500074 0.02908164722222229
1 0.60741417578125 0.4691328638888889 0.009470667187500049 0.01989796666666671
1 0.57814120234375 0.4676022506944445 0.019802304687499994 0.022959193055555556
1 0.5609218078125 0.4698981701388889 0.018080365624999928 0.01836735416666673
1 0.76540212890625 0.4974492041666666 0.016358425000000044 0.018367355555555537
1 0.804145768359375 0.49591859166666663 0.04390945859375002 0.024489808333333387
1 0.8265309835937501 0.49974512083333333 0.01635842500000013 0.026020422222222173
1 0.531587340234375 0.47328738680555554 0.04304848828125003 0.07500003472222222
1 0.454961029296875 0.5459915 0.14464292265625006 0.2081633583333333
1 0.0193103203125 0.5337465958333334 0.0378826703125 0.045918388888888884
1 0.007502736328125 0.4610424819444445 0.01500547265625 0.019897969444444403
1 0.022323714843750002 0.46410370833333336 0.021524243749999998 0.026020422222222173
1 0.06623317265624999 0.45951186944444444 0.014636484374999991 0.022959194444444442