1 0.48763260781250006 0.46304025555555556 0.017604065624999964 0.021338261111111163
1 0.47162891210937496 0.46588535625 0.014403325781250054 0.024183362499999975
1 0.45402484609375 0.46517408125000004 0.03520812968750002 0.06543733194444441
1 0.49643463906249996 0.47442066041666664 0.019204434375000013 0.02702846250000006
1 0.514038704296875 0.4886461673611111 0.03520813046875002 0.0469441736111111
1 0.22997310468749999 0.47513193611111115 0.07201662968749997 0.06259223055555552
1 0.065535133203125 0.46375152986111107 0.13043011796874998 0.11380405694444444
3 0.8557833285156249 0.5243115645833333 0.14563362890625003 0.2503689236111111
1 0.764962356640625 0.5179100861111111 0.024805728906249946 0.027028463888888944
1 0.68696696171875 0.6956272965277778 0.4008925703125 0.4324554152777778
1 0.9622305230468751 0.7824028881944445 0.07441718359375002 0.26459443194444443
0 0.365826136328125 0.48698652499999995 0.018404249218750036 0.08819814444444442
0 0.39983398867187503 0.47062719444444445 0.011202586718750051 0.04409907222222221
4 0.36102502773437506 0.5538464090277778 0.08241903203125003 0.11949425972222222