1 0.41741755390625 0.8617876805555555 0.0300472375 0.05098925000000002
1 0.40649128554687497 0.8654297708333334 0.024584102343750035 0.04370507222222213
1 0.40375971796875004 0.869071857638889 0.016389401562499996 0.04127701249999992
1 0.382590075390625 0.8739279756944445 0.036876153906250056 0.06555760694444454
1 0.37371248359375003 0.878784095138889 0.027315670312499974 0.06070148749999996
1 0.36073753984375 0.8824261847222222 0.025949885937499983 0.06798566666666658
1 0.34229946250000004 0.8879760493055555 0.024584104687499986 0.08255402361111111
1 0.30747198359375 0.8891900798611112 0.06146025468750001 0.12383103472222214
1 0.248743294140625 0.9171127638888888 0.11062846015624998 0.13111521388888875
1 0.505510587890625 0.8584924652777779 0.015023617968750003 0.03884894999999994
1 0.514388180859375 0.8609205222222222 0.01912096796874998 0.058273427777777914
1 0.52463155625 0.8694187305555554 0.0314130203125 0.07526984444444448
1 0.534192041015625 0.8633485847222223 0.025949886718750027 0.09226625833333328
1 0.5778971109375 0.8767029118055556 0.09970219374999996 0.13839939305555554
1 0.48024359375000003 0.8645626131944444 0.04097350312500003 0.07041372638888896