1 0.496797098828125 0.4388640104166667 0.011958664843750012 0.0255118180555555
1 0.47048803632812497 0.4505569277777778 0.016742130468750015 0.023385833333333356
1 0.45972524023437505 0.44843093888888885 0.009566935156250001 0.03614173611111116
2 0.4364058417968749 0.4441789729166667 0.02989666171875003 0.0616535597222222
1 0.42982857695312493 0.4537459006944444 0.031092528906250028 0.04677165972222228
1 0.364653853515625 0.46862779791666664 0.02989666171875003 0.06803151527777784
1 0.399931916796875 0.47394276041666666 0.057401594531249954 0.05740159027777783
1 0.333561325390625 0.4781947298611111 0.05620572421875001 0.06165355972222228
0 0.15178962109375 0.470450075 0.010762798437500009 0.04677166388888886
0 0.14222268984375003 0.4810800027777778 0.01315453124999999 0.05102364166666662
0 0.12906815859375 0.4853319659722222 0.015546264062499992 0.06803150694444444
0 0.10873842773437499 0.5055288256944445 0.025113194531250004 0.09566931805555556
0 0.060903769531250006 0.5097807986111111 0.017937996875000008 0.09141735555555554
0 0.045955438671875 0.5182847347222223 0.019133863281250003 0.09141734722222215
1 0.21397467812499998 0.5034028409722222 0.175792371875 0.09566931805555556
1 0.545229690625 0.4250451055555555 0.013154529687500017 0.057401583333333325
1 0.6274882222656251 0.47576503750000004 0.16981303671874998 0.12968507500000004
0 0.745281071484375 0.5863162493055556 0.10164865078125 0.4018111347222222
1 0.7967033296875 0.3981665944444444 0.034680128124999945 0.038267733333333276
1 0.8271979242187498 0.40454454236111115 0.026309060937500028 0.034015751388888855
1 0.8499193875 0.4098595111111111 0.028700795312500027 0.040393719444444386
1 0.88400158203125 0.4066705305555555 0.03946359374999986 0.03826772777777773
1 0.52788962734375 0.43111935625 0.021525596875000018 0.03188977361111114
0 0.556277056640625 0.4379875131944444 0.011694682031250014 0.03880902638888888