3 0.516151381640625 0.5066328819444444 0.03874363984375 0.045918388888888884
1 0.325877058984375 0.5326533006944445 0.18166462421875001 0.31836749027777783
1 0.48860034843749994 0.5471941215277778 0.01635842656250004 0.03214287083333329
1 0.4756858003906251 0.5556124958333334 0.028412002343749965 0.033673483333333344
1 0.45545301015625006 0.5655614791666667 0.03271685 0.05357144999999998
1 0.4261800375 0.5640308659722223 0.04993624687500002 0.11173474583333329
1 0.563935202734375 0.5464288180555557 0.017219394531250033 0.03979593611111112
1 0.575127808984375 0.5571431076388889 0.024107153906250022 0.06122451527777773
1 0.5992349625 0.5540818791666666 0.0447704296875 0.08571432500000001
1 0.6285079351562499 0.5678573979166667 0.058545943749999996 0.10714290416666662
1 0.679735637109375 0.5831635277777778 0.10417734296874999 0.15306129444444447
1 0.515720894921875 0.5540818798611111 0.056824005468749925 0.07040819583333338
1 0.5286354417968749 0.5724492375 0.07059952265625 0.091836775
1 0.845902804296875 0.6260206881944445 0.30564426953124996 0.2785715541666667
1 0.13209736171875 0.6422014631944445 0.2634567515625 0.5435862680555554