1 0.39186930195312497 0.4139793826388889 0.015592908593749977 0.021681562500000005
1 0.37042905078125 0.4176919833333334 0.030406173437499982 0.023562619444444426
1 0.35054809140625 0.41699896458333335 0.012474328125000022 0.016632437499999972
1 0.3326162453125 0.41353387361111105 0.021830073437499965 0.023562619444444426
3 0.262058328515625 0.41660294652777774 0.06938844921875002 0.07484596805555555
1 0.322627043359375 0.42868126458333333 0.036156071093750033 0.01861249305555551
1 0.5589849328125001 0.43863102361111117 0.06271969531249999 0.09712156111111112
1 0.689791346875 0.47333143888888884 0.17152200781250002 0.2079054638888889
3 0.455507877734375 0.38531812638888885 0.08030348671874998 0.1982032083333333
1 0.5942847742187499 0.3776949256944445 0.014033618749999999 0.01940450972222223
1 0.6079285703125 0.3790809625 0.008576100000000064 0.013860363888888906
1 0.61728431640625 0.37769492638888885 0.008576099999999975 0.013860363888888828
1 0.37875176953125 0.39709943611111115 0.014033618749999999 0.015246400000000035