1 0.159868487109375 0.41245203055555557 0.07408539765625002 0.09704753611111114
1 0.27440840859375 0.3951221131944444 0.04581596874999998 0.04505778472222228
1 0.310476298828125 0.39858809652777777 0.032168658593749996 0.03812581805555561
1 0.338258322265625 0.40292057569444445 0.023395388281249964 0.032926840277777814
1 0.3806624640625 0.4003210881944445 0.053614431250000025 0.04852376805555557
1 0.44110055 0.40032108819444445 0.03801750624999993 0.045057784722222195
1 0.501051232421875 0.39772160069444445 0.023395388281250006 0.05372274305555559
1 0.536144315234375 0.39945459305555553 0.035093082031249966 0.057188727777777774
1 0.5873217273437501 0.40552006458333334 0.03801750625000002 0.05545573750000001
1 0.655558276171875 0.4193839979166667 0.05751366328124998 0.03812581805555561
1 0.71063491953125 0.4185175020833333 0.05848847031249997 0.039858809722222256
1 0.733055500390625 0.4159180145833334 0.029244236718749938 0.038125818055555524
1 0.20227262773437502 0.3847241631944444 0.020470964843749995 0.03812581805555561
1 0.23395388320312502 0.38905664236111115 0.02729461953125001 0.03639282638888888
1 0.051664816015625004 0.3734597166666666 0.019496157031249996 0.01906290833333336
1 0.42452881679687504 0.4011875840277778 0.03021904296875002 0.03985880972222217