1 0.058488470703124996 0.4679077659722222 0.11502732578125001 0.14557130416666664
1 0.897798026171875 0.5346279479166667 0.20081041640624991 0.36566125416666656
1 0.4927653660156251 0.45317733611111116 0.06336251015625001 0.08838257777777782
1 0.169616565234375 0.45750981527777773 0.10917847890625001 0.09011556944444447
1 0.7803336804687501 0.5242299972222223 0.215432534375 0.23395388333333333
1 0.6706677980468749 0.4757062291666666 0.11697694140625003 0.16463421388888888
1 0.606817884375 0.4696407576388889 0.05361443281250002 0.10051352083333333
1 0.59122095859375 0.45837631180555555 0.045815968750000026 0.09878052916666667
1 0.546867201171875 0.4375804111111111 0.015596924218750008 0.022528891666666655
1 0.529808064453125 0.43931340208333325 0.018521349218749972 0.032926843055555585
1 0.32704803242187497 0.44711186597222224 0.018521349218750018 0.04852377083333334
1 0.352393036328125 0.44364588263888893 0.028269427343749997 0.04852377083333334
1 0.37725063632812506 0.4419128895833333 0.019496157031250006 0.03812581805555561
1 0.396746793359375 0.44364588125000004 0.019496157031250006 0.03465983194444446
1 0.4152681421875 0.44277938541666667 0.013647309375000027 0.03292684027777774
1 0.43037766406249994 0.4453788729166667 0.008773270312499993 0.02772786527777771
1 0.4415879542968749 0.44104639375 0.017546541406249984 0.039858809722222256
1 0.45864709101562495 0.4401798986111111 0.016571732031249998 0.013863933333333339
3 0.262710714453125 0.4167845104166667 0.10625405546875002 0.12997437916666668