1 0.450710319140625 0.5205011604166666 0.006592838281250036 0.01278610972222225
1 0.443817808203125 0.5247631965277778 0.008390883593749976 0.021310181944444492
1 0.43392855312500006 0.5258287055555556 0.016182418749999972 0.023441200000000054
1 0.4213422265625001 0.5322217597222222 0.0257719984375 0.031965272222222216
1 0.46329664531250003 0.5231649340277778 0.023374603124999994 0.0607340152777778
1 0.552899294140625 0.5348855340277778 0.04315311484374993 0.060734018055555575
1 0.354514832421875 0.5396803250000001 0.019179161718750004 0.04262036111111114
1 0.287507630859375 0.5388279277777778 0.04015637109374999 0.03942383055555554
1 0.405579350390625 0.5324348743055556 0.013785022656249969 0.02237569027777779
1 0.67013194765625 0.5681294284722221 0.10848213749999998 0.13638515694444445
1 0.8230857484375 0.5703525513888889 0.2631141375 0.2636357916666667
1 0.49596115585937495 0.5458070006944444 0.07851469765625003 0.11241120416666664
1 0.382084878515625 0.5437647861111111 0.05094465078125001 0.06819257777777779
1 0.32874283242187496 0.5485595770833334 0.04375246484374999 0.054340962500000006
1 0.11294395625 0.6026230472222223 0.2258879125 0.4112864833333333
1 0.936748912109375 0.6297935256944445 0.12406520703125015 0.32924229027777785