1 0.47183525078125 0.6329111374999999 0.00949366562500007 0.02362868611111111
1 0.47705676953125 0.6337550173611111 0.006645567187499956 0.02531644583333335
1 0.483227652734375 0.6371305444444444 0.009493667968749975 0.03206750000000006
1 0.49129726953124997 0.6388183055555555 0.012341767187499996 0.0455696
1 0.43718336757812504 0.6303794916666667 0.01044303515624998 0.02194091944444444
1 0.42246818320312496 0.6295356097222222 0.013291133593750004 0.050632891666666624
1 0.407752999609375 0.6371305451388889 0.01803796640624995 0.052320654166666716
1 0.38069604843750005 0.6497887680555555 0.03987340156250001 0.054008416666666725
3 0.534493454296875 0.6135018611111112 0.07879743671875002 0.16877630277777783
1 0.16674439257812498 0.7172992875 0.25348091015624996 0.26666655833333336
1 0.8444023480468751 0.8275102111111111 0.3085441789062501 0.33924036666666674