1 0.06163095859374999 0.5230733784722221 0.1188231625 0.18453252361111108
1 0.8913444195312501 0.541283825 0.213062221875 0.33264415277777776
1 0.1415292921875 0.48058233819444446 0.0983364109375 0.10926267638888881
1 0.721304376953125 0.5072909916666666 0.17618606953124996 0.16753610555555562
1 0.31566668515625 0.4830103958333333 0.07511809218750001 0.08983820000000003
1 0.35800597226562497 0.4830103958333333 0.03414458671875002 0.07526984722222217
1 0.39829658515625 0.4672280097222223 0.03551037031249997 0.04856118888888885
1 0.267181371484375 0.5898450131944444 0.20759908828125 0.28893908194444434
3 0.266498479296875 0.43392892222222224 0.03687615390625001 0.024280597222222235
0 0.6113588070312501 0.48179636736111114 0.016389401562499996 0.07769790416666661
0 0.522582880859375 0.4647999500000001 0.008194700781250041 0.06798566666666667
0 0.53555782421875 0.45387368263888894 0.009560484375000034 0.06070148750000005
2 0.56423927734375 0.44658950208333326 0.06419182343749999 0.07041372638888888
0 0.44746478984374993 0.4672280097222223 0.00546313281250006 0.033992833333333375
0 0.5772731066406249 0.4743590201388889 0.01287076015625006 0.04118643194444442
0 0.509058076953125 0.4720708847222222 0.012012710156249985 0.0671186305555555