1 0.049227795703125 0.6048141118055556 0.09260674609375 0.05545573750000001
1 0.12038876875 0.58748419375 0.028269428124999996 0.013863937500000074
1 0.11746434570312499 0.60308111875 0.026319811718749996 0.013863934722222224
1 0.19447416640624998 0.5883506902777778 0.03801750468749998 0.01906290833333336
1 0.29195495078125 0.5978821465277778 0.026319810937499976 0.02426188472222227
1 0.256374465625 0.6230105256944445 0.07798462812500002 0.07105265972222223
1 0.31798231718750003 0.6155586805555555 0.05263962343749999 0.055455733333333354
1 0.3472265515625 0.6068937215277778 0.021445773437499982 0.038125815277777836
1 0.408152058203125 0.6086267173611111 0.02631981171875002 0.05892172083333331
1 0.42228677070312504 0.6094932118055556 0.009748080468750064 0.03639282638888888
1 0.43544667812500004 0.6051607340277777 0.026319814062499967 0.024261881944444418
1 0.45640504609375 0.6051607312499999 0.02339538750000001 0.017329918055555598
1 0.512943899609375 0.6094932097222222 0.027294619531249963 0.02599487500000003
1 0.5641213105468751 0.60256124375 0.03021904296875002 0.02252889027777777
1 0.56704573671875 0.6077602201388889 0.026319812499999973 0.019062909722222167
1 0.58215525625 0.6120926979166667 0.04094192812500008 0.020795898611111124
1 0.62992084140625 0.6138256909722222 0.021445771874999943 0.013863937499999994
1 0.7841354546874999 0.6145188763888888 0.023395389062500004 0.02079590000000001
1 0.8187411351562499 0.61625186875 0.04191673749999998 0.020795901388888892
1 0.14865819609375 0.6394739472222223 0.14524637031249998 0.10051351944444444
1 0.37822544335937497 0.6212775354166666 0.06433731640625 0.0779846263888889
1 0.48058026757812494 0.6074135986111111 0.040941930468750075 0.029460858333333326
1 0.65897010390625 0.6230105256944445 0.04679077656250001 0.05718872638888889
1 0.9596008675781249 0.6238770215277777 0.017546541406249894 0.017329918055555598