1 0.016258666796874998 0.52962874375 0.03060455234375 0.05270784027777782
1 0.0468632171875 0.527078363888889 0.04399404218749999 0.044206575
1 0.079380551953125 0.5109259611111111 0.028691766406249996 0.04250631944444447
1 0.10520314140625 0.5194272249999999 0.032517334375 0.04250632222222224
1 0.136285887109375 0.5143264652777778 0.03156094140624999 0.03910581666666665
1 0.177888946875 0.5126262125 0.03251733437500002 0.028904297222222257
1 0.21614463554687502 0.5041249486111111 0.030604552343750015 0.025503791666666664
1 0.24244542031250002 0.4990241902777778 0.033473728125000025 0.03230480277777777
1 0.2725717734375 0.5015745694444445 0.028691765624999997 0.027204044444444422
1 0.36295083515625 0.5083755798611111 0.03156094218750001 0.03400505416666672
1 0.38733883828125004 0.5007244430555555 0.02295341562500002 0.03230480277777777
1 0.41029224960937505 0.4930733041666667 0.02295341484375002 0.027204044444444502
1 0.47006676093749994 0.5024246958333333 0.029648157812499944 0.035705308333333366
1 0.487281820703125 0.5015745694444445 0.010520313281249916 0.020403033333333397
1 0.50640966328125 0.49392343125 0.02582258906249999 0.03230480416666666
1 0.5417961734375 0.490522925 0.01625866406249994 0.025503791666666664
0 0.7273362589843749 0.5287786145833333 0.06216549140625007 0.14962224583333336
1 0.571922528125 0.5092257069444445 0.02677898281250002 0.04250631944444447