1 0.47114723164062494 0.5276891465277778 0.012895058593749998 0.028018893055555574
1 0.48547507539062507 0.531509904861111 0.012895060156249994 0.0254717208333333
1 0.49550456445312496 0.5391514208333333 0.018626196093750026 0.030566063888888884
1 0.506250447265625 0.5416985930555556 0.020058980468749966 0.035660408333333275
1 0.5162799371093749 0.5455193493055556 0.02579011796874999 0.038207579166666665
1 0.5427864476562501 0.5493401076388889 0.032954037500000054 0.04075475138888894
1 0.423148958203125 0.5366042493055556 0.017193413281249993 0.0254717208333333
1 0.395209664453125 0.5416985923611111 0.01862619609374998 0.02547172083333338
1 0.36727037031250004 0.5480665215277778 0.03152125624999998 0.038207579166666665
1 0.3314507625 0.5467929375 0.040117959375000026 0.04584909722222221
1 0.18745593984375 0.5722646583333334 0.09026541249999998 0.09679253888888889
1 0.26625907656250003 0.5671703152777777 0.08739984375000001 0.09679254166666666
1 0.054923390234375 0.6028307222222223 0.10889160546875001 0.15792466666666666
1 0.4503718597656251 0.5306608409722222 0.017193413281249993 0.03056606527777777
3 0.43389484101562503 0.5187740409722222 0.012895058593749998 0.02547172083333338