0 0.276572357421875 0.6439144770833333 0.015986841406249973 0.05861842083333334
0 0.29755508828125 0.6448026347222222 0.017985196874999998 0.05328947500000002
0 0.26308345937500005 0.6430263194444444 0.010990954687499999 0.05684210555555561
1 0.502886092578125 0.6430263173611112 0.012989308593749981 0.04263157916666671
1 0.48939719414062494 0.6510197402777778 0.017985196093750044 0.06927631666666664
1 0.4549255656250001 0.6643421104166667 0.07493832343750002 0.12789473749999997
1 0.532861421875 0.6439144756944444 0.03297286250000005 0.044407895833333315
1 0.5703305832031249 0.6297039513888889 0.019983552343750065 0.03375000277777779
1 0.5838194812499999 0.6590131625 0.02697779687499997 0.046184211111111116
1 0.617791521875 0.6625657916666666 0.05695312500000007 0.07105263055555555
1 0.7177092843749999 0.7229605291666666 0.1548725359375 0.16697368333333332
0 0.0897261390625 0.7709210548611111 0.069942434375 0.3268421069444445