1 0.32431259609375 0.6137912520833333 0.023909803124999972 0.040806065277777824
1 0.27266741875 0.6265431493055555 0.046863215624999996 0.05950884583333331
1 0.307575734375 0.6205922638888889 0.02677898124999998 0.044206572222222226
1 0.34917879375 0.6052899895833334 0.02390980468749997 0.027204043055555537
1 0.37117581328125004 0.6035897361111111 0.02390980468749997 0.06120909722222226
1 0.2338378890625 0.6282434006944445 0.05260157031250001 0.059508845833333386
1 0.18649647617187498 0.6324940347222222 0.04016847265625001 0.0680101138888889
1 0.13450352304687502 0.65374719375 0.06573021796875 0.09521415416666668
1 0.093509080078125 0.79831215625 0.18458369140625 0.3995594041666666
1 0.811976981640625 0.7139847229166667 0.33282448203125004 0.2907432236111112
2 0.6719970125 0.5648239701388889 0.25153114531250004 0.21083134027777778
1 0.5021258046875 0.7090054104166666 0.3117838546875 0.5100758319444444