1 0.8861003316406251 0.6056806083333334 0.1130777101562499 0.14383831388888887
1 0.482529884375 0.5701542784722222 0.021445773437500027 0.02426188472222227
1 0.45133603281249995 0.5649553020833333 0.01169769374999996 0.02772786527777779
1 0.44548718554687505 0.5684212854166666 0.013647310156250026 0.03465983194444446
1 0.42794064374999996 0.5684212861111111 0.03314346562499999 0.0831836027777778
1 0.4269658359375 0.5883506916666666 0.015596925000000006 0.06065471111111115
1 0.389923138671875 0.5857512027777777 0.06628693359375001 0.1109114694444444
0 0.349956016796875 0.5692877826388889 0.013647310156249981 0.04332479305555555
0 0.10284222773437499 0.6169450548611112 0.03606788984374999 0.1698331902777778
0 0.016403787890625 0.6540993930555555 0.02960683671875 0.2025500638888889
1 0.579523264453125 0.6663353180555555 0.24857600078125 0.2443518333333333
1 0.05263962343749999 0.6446729222222223 0.046790776562500004 0.10051351944444444