1 0.239095741015625 0.5604203743055556 0.13334677890624996 0.15346576249999996
1 0.37595164531249997 0.5236135458333333 0.0449168078125 0.054898322222222226
1 0.48894549609375 0.5123843430555556 0.025265707812500083 0.039926052777777776
1 0.44508142109375 0.5142558777777778 0.027371179687500025 0.04366912222222226
1 0.34226403984375003 0.5196625333333333 0.025265707812500038 0.043669122222222176
1 0.3980591375 0.5109287090277778 0.013334678125000022 0.01871533750000004
1 0.42753579375 0.50968101875 0.01193102656249998 0.02370609305555552
1 0.4619252261718749 0.5040664173611111 0.010527377343750022 0.019963023611111116
1 0.31805107109374997 0.5140479298611111 0.014738328124999978 0.024953779166666676
1 0.29208354140625004 0.520286376388889 0.011931029687500016 0.019963025000000002
1 0.304716392578125 0.5177909993055555 0.010527377343749977 0.022458404166666668
1 0.47244531093750003 0.5042743743055556 0.011931028124999975 0.01621995972222226
1 0.408579221875 0.5111366638888889 0.007720076562499933 0.014972269444444445
1 0.415831401953125 0.5057300159722222 0.007720078906250016 0.01497227083333333