1 0.43721710273437503 0.3660934909722222 0.03559567890624997 0.03281247638888891
1 0.518296148046875 0.3578903722222222 0.013183583593750025 0.025781233333333337
1 0.505112563671875 0.3578903722222222 0.013183585156250021 0.016406238888888876
1 0.4068948578125 0.36140599444444443 0.025048810937500044 0.03281247777777779
1 0.38250522578124996 0.3660934909722222 0.0263671703125 0.042187470833333365
1 0.29878946328125 0.3696091138888889 0.030322243749999967 0.03984372222222225
1 0.26780803984375 0.36609349166666666 0.044824189062499985 0.0656249555555555
1 0.23748579492187502 0.37664035902777776 0.03164060390625001 0.06328120694444443
1 0.11619681484375 0.3848434784722222 0.10019524375 0.10312492916666668
0 0.768125079296875 0.36843723958333335 0.01713866015625003 0.07968744583333331
1 0.18013720156250002 0.3871872277777778 0.10942375312500001 0.1078124277777778
1 0.348887085546875 0.3778122340277778 0.05141598046875 0.051562462499999975
1 0.565757053515625 0.39890596874999995 0.11074211171875001 0.17812487638888885
1 0.0060232484375 0.4059372131944444 0.012046496875 0.05156246250000002