1 0.37150217304687494 0.46244044027777775 0.02159358828125 0.0533175
1 0.351708051171875 0.46457314166666663 0.04198753359375003 0.07037910000000001
1 0.315118917578125 0.47417029027777774 0.06718005078124997 0.09810419999999999
1 0.288726753125 0.4890991902777778 0.07437791249999996 0.1151658
1 0.228744565234375 0.5082934902777778 0.12956152578125 0.1535544
1 0.11017352968750001 0.5402839895833333 0.22034705937500002 0.3966821986111111
1 0.462675098046875 0.45710869027777773 0.043187175781249997 0.025592400000000026
1 0.5022633425781249 0.4571086916666667 0.04558646484375002 0.0767772
1 0.5340539003906251 0.4720375916666667 0.05878254296875003 0.106635
1 0.57004321328125 0.4773693395833334 0.06358111874999998 0.12582929861111114
1 0.6432214828125 0.5008290402777777 0.14755618281249996 0.21113729999999997
1 0.8207110085937501 0.6021322902777777 0.35857798281250003 0.3966822