3 0.690163955078125 0.78677824375 0.02144577265625003 0.0415918013888889
1 0.70966011171875 0.7963096993055555 0.01169769374999996 0.0329268430555555
1 0.41624295 0.8110401270833333 0.03509308281249997 0.07278565138888902
1 0.7759470453125 0.7911107229166666 0.017546540624999985 0.04332479305555555
3 0.75011463828125 0.771181317361111 0.045815968750000026 0.07971761805555562
0 0.718433382421875 0.7911107229166666 0.02924423515625003 0.09184856250000008
0 0.9148571632812501 0.7919772194444445 0.014622117187500016 0.05198975277777767
0 0.9518998613281251 0.7963096972222222 0.012672502343749947 0.053722741666666705
0 0.96213534453125 0.7911107222222221 0.015596926562500002 0.053722741666666546
0 0.9869929441406249 0.8006421784722223 0.020470964843749863 0.06931967083333335
0 0.7389043472656249 0.7954432020833333 0.03119385078125001 0.10051352083333333
0 0.292929757421875 0.8422339784722223 0.05946327734375001 0.2807446597222222
1 0.6019438453125 0.8093071361111112 0.151095215625 0.2772786750000001
1 0.844183594140625 0.7963096986111111 0.14037232890625004 0.16116823055555565
4 0.94247117578125 0.8155505708333334 0.02417109218749989 0.04118038055555549
0 0.9288749359375 0.7922747034722223 0.011078417187500023 0.05908489305555552