1 0.36018691171875 0.5723564611111112 0.026765479687500003 0.04486404722222217
1 0.596870243359375 0.5879909006944445 0.04282477109374998 0.05438066250000004
1 0.482161034765625 0.5784742840277778 0.024471297656250002 0.03262839305555553
1 0.680183115234375 0.5843486673611111 0.07953171796874994 0.0816694513888889
1 0.460060399609375 0.5767069298611112 0.012235649218749955 0.019033231944444475
1 0.43119737578125 0.5769205604166667 0.01682401718750004 0.020392748611111164
1 0.446491938671875 0.5748812847222222 0.012235650781250041 0.016314197222222285
1 0.41394524882812506 0.5762407993055556 0.013091872656249937 0.021752265277777776
0 0.726916485546875 0.5947223916666666 0.04282477109374998 0.1495468194444444
0 0.14395049804687501 0.6301359166666667 0.05888406015624999 0.2351963638888889
0 0.522538691015625 0.5775226277777777 0.006882553906249989 0.03806646388888887
1 0.389923359765625 0.5776642256944444 0.02142436015625 0.029623806944444435