0 0.013183584765625 0.4535152965277777 0.02636716953125 0.13671864583333335
0 0.033618141015625005 0.4457027930555556 0.014501942968749997 0.10546867499999996
0 0.050097621875 0.4578121743055555 0.0158203015625 0.1124999208333333
0 0.06855463984375 0.4507809263888889 0.021093734374999996 0.11718741944444441
0 0.10678703593750001 0.4542965513888889 0.023730453125000005 0.13828115555555556
0 0.145678611328125 0.44023405833333334 0.027685527343750006 0.04453121944444444
0 0.229394373046875 0.4789059076388889 0.16347645078125 0.11718742083333338
0 0.34409156015625 0.5023433930555556 0.039550753125000025 0.182812375
0 0.36914037187500004 0.5082027645833334 0.029003887500000002 0.17109363194444452
1 0.330248796875 0.4882809027777778 0.05668941406250001 0.09843743333333334
1 0.40539522929687505 0.4964840215277778 0.09360345234374998 0.11015617361111106
1 0.46472136015625 0.4789059097222223 0.025048810937500044 0.051562466666666674
1 0.5003170390625 0.48242153333333343 0.04350582968749998 0.04921871666666667
1 0.539208613671875 0.48476528194444446 0.01845701640624995 0.021093736111111146
1 0.8424310625 0.5300777534722222 0.31376931562499993 0.3804684791666667
1 0.6875239414062501 0.5515621104166666 0.12788077031249995 0.18749987083333328
1 0.5820552640625 0.48164029513888884 0.02768552812499996 0.02812497916666664
1 0.613695867578125 0.4886715375 0.014501944531250022 0.023437483333333377