1 0.39674679296875 0.5476253868055555 0.009748078124999981 0.02426188472222227
1 0.382124675390625 0.5476253840277778 0.02534500390625003 0.03812581805555561
1 0.300240815625 0.5450258979166667 0.019496156249999962 0.025994876388888834
1 0.26514773476562503 0.5432929069444444 0.021445772656249983 0.02599487777777772
1 0.27879504453125004 0.5458923944444445 0.023395389062500004 0.031193852777777743
1 0.232004266796875 0.5467588895833333 0.03509308359374996 0.04332479305555555
1 0.19642378124999998 0.5493583763888888 0.0321686578125 0.041591802777777784
1 0.160355890625 0.5467588888888888 0.030219043749999997 0.03639282777777776
1 0.136473098828125 0.5450258979166667 0.02729461953125001 0.03985880972222217
1 0.11892655703125002 0.5450258993055556 0.027294620312499983 0.04332479305555555
1 0.058001066796875 0.5493583763888888 0.10430443984375 0.0866495861111111
3 0.344594573828125 0.5441594027777777 0.055564047656250004 0.08318360277777773
1 0.45084862968749995 0.577952738888889 0.09845559218749997 0.16463421388888888
0 0.50884969609375 0.5476253854166667 0.013647310937499935 0.06931966805555557
0 0.691626165625 0.5900836819444444 0.026319810937499976 0.17849815