0 0.06628693203125 0.5094995708333333 0.0584884703125 0.30154056388888895
0 0.02047096484375 0.5181645256944445 0.0389923140625 0.26688072638888893
0 0.383586887890625 0.46790776805555556 0.022420582031250014 0.1282413888888889
0 0.36360332578125 0.4601093041666666 0.02339538750000001 0.08838257777777782
0 0.330947265234375 0.4635752847222222 0.016571736718749987 0.06758667500000004
0 0.436226509765625 0.48957016319444446 0.032168660156249994 0.13344036527777778
0 0.893573878515625 0.4765727243055556 0.023395388281250006 0.08664958472222221
0 0.8716407011718751 0.4731067409722223 0.012672502343749947 0.058921718055555614
0 0.8579933917968751 0.48003870902777773 0.01462211640624993 0.06238770138888891
0 0.507021915625 0.48845610208333334 0.016571732812499997 0.06931966805555557
0 0.548938652734375 0.47979114305555554 0.012672502343750036 0.06931966666666661
0 0.52992989921875 0.4728591770833333 0.01169769374999996 0.06931966527777773
0 0.57720808125 0.46679370694444444 0.010722885937499971 0.07105265833333334
0 0.49337460664062505 0.4676602041666666 0.012672502343750036 0.06585368333333332
0 0.560636348046875 0.47112618472222223 0.010722885156249973 0.05892171666666665
0 0.58598135234375 0.4771916611111111 0.01657173437499999 0.09184856666666666
0 0.520181822265625 0.4728591791666667 0.00974807890624998 0.05198974999999998
1 0.34374160195312503 0.45379626875 0.02534500390625003 0.06238770138888891
1 0.31839659882812504 0.45552926041666664 0.02729461953125001 0.06238770138888883
1 0.6599275015625 0.4771916576388889 0.07311058906249998 0.11611044861111108
1 0.7686359871093751 0.6490054006944445 0.3363087070312501 0.4453788708333333