1 0.46449593867187494 0.5103660631944444 0.010722886718750057 0.012130943055555576
1 0.47473141992187495 0.5103660631944444 0.017546541406249984 0.015596926388888871
1 0.492765365234375 0.5146985430555555 0.016571733593750082 0.024261886111111075
1 0.50446306015625 0.5146985430555555 0.016571732812499997 0.03465983333333335
1 0.5185977730468749 0.5155650374999999 0.03314346640624999 0.04332479444444443
1 0.540043546484375 0.5146985416666666 0.029244235156249944 0.05892171666666665
1 0.579035859765625 0.5155650374999999 0.09163193828124996 0.08491659444444445
1 0.5975572093749999 0.53289495625 0.06823654843750004 0.10224651249999997
1 0.638011735546875 0.5320284618055555 0.10040520703125004 0.11437745416666666
1 0.6955253984375 0.5484918819444444 0.15304483124999999 0.16116823055555551
1 0.7569382921875001 0.5614893173611111 0.119901365625 0.20102704027777776
1 0.45084862890625 0.5103660631944444 0.012672503124999946 0.012130943055555576
1 0.44207535820312494 0.5129655506944444 0.016571733593749992 0.017329918055555518
1 0.42501622070312506 0.5138320458333333 0.01949615703124996 0.01906290833333336
1 0.419654778515625 0.5190310236111111 0.016571733593749992 0.022528891666666735
1 0.40698227578125 0.5198975173611111 0.02437019687499995 0.03465983472222215
1 0.389435734375 0.5276959819444444 0.045815968750000026 0.036392825
1 0.35872928789062497 0.53289495625 0.04289154609375001 0.05372274583333336
1 0.33533389804687497 0.5311619645833333 0.058488471093750015 0.07105265972222223
1 0.23785311484375 0.5424264104166667 0.1988608 0.10744548749999999
1 0.8929239871093749 0.5588898326388889 0.21055849453124997 0.32753543749999997
1 0.0107228859375 0.6082800965277777 0.021445771875 0.1559692541666666