1 0.21118424882812498 0.5558521819444444 0.16662558359375 0.18696058333333335
1 0.42219779492187504 0.5000068125 0.06419182109374999 0.08983819999999997
1 0.47136600078125 0.4611578611111111 0.02594988437500003 0.036420891666666615
1 0.06641120078125 0.5145751708333334 0.0874101421875 0.05098925000000002
1 0.282204989453125 0.4975787527777778 0.049168205468750024 0.06070148888888893
1 0.392150559375 0.4708700993055555 0.025949885937500028 0.036420893055555584
1 0.39078477578125004 0.45265965347222226 0.028681453125000013 0.019424476388888855
1 0.10806759609375001 0.4915086048611111 0.05872869062499999 0.03399282916666664
1 0.313618009375 0.45265965347222226 0.016389401562499996 0.019424476388888855
1 0.33137319453125 0.4514456243055556 0.019120968749999977 0.02185253749999995
1 0.3545915140625 0.4429474152777778 0.016389401562499996 0.014568355555555555
2 0.4449495183593751 0.4332892173611111 0.016114061718749982 0.021485418055555528
1 0.42228911953125003 0.44045102152777776 0.011078417187500023 0.01432360972222221