0 0.21370011757812496 0.5256634652777779 0.016128310156250027 0.14814152500000002
0 0.20429193671875004 0.518495326388889 0.0188163640625 0.18637159444444443
0 0.026880519140624996 0.43725642708333334 0.01881636328125 0.04778758749999999
0 0.04636889375 0.43247767013888894 0.020160389062500006 0.05734510972222222
0 0.1182742796875 0.4563714604166667 0.026880515625 0.10035393472222225
0 0.0947538265625 0.4372564263888889 0.030912595312500003 0.07168138055555555
0 0.145154796875 0.49221215277777774 0.016128309375000004 0.1385840027777778
0 0.202947912109375 0.5220793930555555 0.04032077734374999 0.18876096944444443
0 0.252004855859375 0.49340684305555554 0.022848439843749978 0.1505309
0 0.27888537421875 0.49221215138888885 0.03091259687500001 0.1433627611111111
0 0.299045761328125 0.4683183597222222 0.017472336718750016 0.12902648888888887
0 0.174051353125 0.5232740847222223 0.025536492187500003 0.2150441444444444
1 0.431432313671875 0.46115021875 0.02150441484374994 0.04539820694444446
1 0.41866406914062504 0.4695130465277778 0.025536492968750046 0.04778758472222222
1 0.41127192734375007 0.47668118541666665 0.02419246718750001 0.0525663430555556
1 0.38909549921875 0.4695130486111111 0.04972895937500001 0.09079641666666668
1 0.48788140234375 0.4575661520833333 0.04032077812499999 0.057345104166666674
0 0.827023929296875 0.44362810069444436 0.01612831015624998 0.03823006805555554
0 0.8008154265625 0.45318561527777773 0.014784284374999946 0.05256634722222226
0 0.7893912078125 0.4531856173611111 0.021504414062500032 0.07168137916666674
1 0.75243049296875 0.45557499791666667 0.09004973593749996 0.09557517638888886
1 0.6859012124999999 0.5200882381944444 0.21773219531249993 0.2819467680555555
2 0.588464932421875 0.4049998055555556 0.18144349609375005 0.30345118055555553
1 0.113570188671875 0.6200439472222222 0.22579635078125 0.551946636111111
1 0.8453922929687501 0.6475218111111111 0.3077819328125 0.6881412611111111
1 0.4505447531250001 0.4421288944444445 0.03022842500000005 0.027683947222222196
0 0.84580432109375 0.430729625 0.025648362499999956 0.05048249166666668
1 0.377721726953125 0.47714094166666665 0.06045685234375 0.09119417222222223
1 0.34428725546875 0.49668255138888895 0.07236501875000001 0.13027739166666671
1 0.452834785546875 0.47876940902777776 0.04946469609374997 0.07490949861111112
0 0.09696377421874999 0.43887195625000003 0.017404246875000008 0.047225554166666704
0 0.067651359375 0.43724349166666665 0.019236270312500005 0.05373942222222215