1 0.14913784414062498 0.40404334999999997 0.03158213203125 0.048659874999999964
1 0.290906525 0.41776793055555556 0.009123728125000018 0.016219958333333295
1 0.25932439375 0.4121533305555556 0.04421498437500002 0.04990756666666667
1 0.304241201953125 0.41859971041666666 0.01754562734374998 0.026201470833333296
1 0.9715014632812501 0.49595643958333335 0.05544418750000002 0.06737521527777778
1 0.869736816015625 0.48535108055555554 0.13755772734375 0.08858592777777774
0 0.2077146546875 0.5445123493055556 0.14357442031249998 0.4115294847222223
0 0.167560754296875 0.57580854375 0.09053544453125002 0.22957480416666667
0 0.359107842578125 0.5737290770833334 0.06737521484375 0.20836409027777772
0 0.47315442890625 0.5624998736111111 0.12983765312499998 0.35060065277777774
0 0.079516780859375 0.4536597798611111 0.10176464609375 0.4341958263888889
0 0.194616105859375 0.5110534798611112 0.18458001484375 0.5639554958333334
0 0.3644577921875 0.5185396152777778 0.11439749999999997 0.38927901666666664
0 0.4634151375 0.5503556895833334 0.11580114843750007 0.4404342736111112
0 0.521736822265625 0.44317918472222223 0.014036503906249997 0.06737521666666665
0 0.5547226039062501 0.4537845416666667 0.016843801562500003 0.08609055277777773