1 0.072045999609375 0.7095917493055556 0.019983560156250003 0.03552632916666675
1 0.046803606250000004 0.7030474270833333 0.038915359375 0.05609420694444446
1 0.02576827734375 0.7133313638888888 0.026294159374999997 0.035526330555555555
1 0.006310598828125 0.7075758652777778 0.01262119765625 0.031494561111111194
1 0.41176655703125 0.6721956111111111 0.013672965625 0.03926594722222221
1 0.47013959296875 0.6544324444444445 0.029449459375000053 0.018698069444444423
1 0.47960549140625003 0.665651286111111 0.04207065624999995 0.04113575277777773
1 0.5348232296875001 0.6628465770833333 0.057847153124999995 0.04300556249999998
1 0.5074773015625 0.6469532159722222 0.047329489062499966 0.05983382083333334
1 0.5693211874999999 0.6450834097222222 0.03260475937500003 0.03365652500000004
1 0.597298165234375 0.6516277347222222 0.06499918515624996 0.061703630555555514
1 0.64610013828125 0.6525626375 0.06205421874999999 0.059833825
1 0.703316223828125 0.6413437965277778 0.05784715390624999 0.0635734375
1 0.8576103707031251 0.6376041805555556 0.11569430546875008 0.07479227777777776
1 0.74685938125 0.63760418125 0.09571074531249994 0.08227150972222219
1 0.43606236875000004 0.6647163819444445 0.05469185468749993 0.05422439999999998
1 0.974636912109375 0.6260737236111111 0.04838125546874998 0.09909976944444444
3 0.24362854218749996 0.4981165805555555 0.33972055624999997 0.7703604777777777