1 0.415658065625 0.5360143395833333 0.023395389062500004 0.05025675972222222
1 0.38543902109375 0.5464122909722222 0.03704269687499995 0.05025675972222222
1 0.29819371953124996 0.5758731500000001 0.06336251093749996 0.09531454722222227
1 0.19789816992187498 0.5904055354166666 0.14307743671875 0.14864120138888895
1 0.51869526015625 0.5186844215277778 0.01657173437499999 0.025994873611111143
1 0.5152834335937501 0.5386138263888889 0.029244234374999945 0.05198974999999998
1 0.5342921863281249 0.5108859583333334 0.0068236554687500115 0.017329916666666632
1 0.537704013671875 0.5160849340277778 0.00974807890624998 0.017329918055555598
1 0.5425780535156249 0.5212839104166667 0.009748078906250068 0.020795901388888892
1 0.5489143039062501 0.5230169027777778 0.012672501562500039 0.027727866666666597
1 0.61471383359375 0.5160849340277778 0.033143467187499984 0.027727868055555483
1 0.6229997 0.5498782736111112 0.0321686578125 0.06412069444444445
1 0.64249585625 0.5611427180555556 0.04971520000000007 0.0831836027777778
1 0.677101534375 0.5724071659722223 0.07018616406250003 0.10917847916666663
1 0.5796450999999999 0.5426739805555556 0.06823654843750004 0.10397950277777782
1 0.46364296562499996 0.5764673173611112 0.10527924687499998 0.1646342125
1 0.754971266015625 0.5859987722222223 0.15791887109374994 0.18716310555555563