1 0.20789464726562498 0.5491529291666667 0.08424505078125 0.12480748333333339
0 0.43371819218749996 0.4846690659722223 0.007020420312499986 0.03744224583333333
0 0.5086026816406249 0.5075504354166667 0.011700700781250007 0.06656399305555559
0 0.529663944921875 0.5106706236111112 0.011700700781250007 0.08112486388888895
0 0.5349292609375 0.5023501256944445 0.015210912499999996 0.07280436527777773
0 0.54604492734375 0.48986937500000005 0.007020420312499986 0.07280436666666669
0 0.55423541796875 0.48466906388888886 0.014040842187499968 0.07072424166666672
0 0.56476604921875 0.48674918888888896 0.011700701562500004 0.04992299444444441
0 0.454779453125 0.5085905 0.007020420312499986 0.039522372222222185
0 0.46414001484374995 0.5075504361111111 0.007020420312500076 0.04160249722222223
0 0.48110603281250003 0.510670625 0.00819049218750001 0.035362119444444395
0 0.595187872265625 0.5231513701388888 0.011700700781250007 0.07280436527777781
0 0.760752802734375 0.5013100604166667 0.02223133359374998 0.12064723749999993
0 0.7806439953125001 0.4961097479166666 0.012870771874999942 0.11024661249999994
0 0.79819504765625 0.5033901875 0.01755105312499996 0.13312798333333334
0 0.629119908984375 0.5044302493055556 0.016380983593749933 0.09360561250000003
0 0.61683417265625 0.5065103750000001 0.010530631249999978 0.08112486388888887
1 0.44424882109375 0.5033901888888889 0.023401404687500005 0.04160249444444446
3 0.33309215703125 0.42018519930555553 0.1965717890625 0.4617876930555555
0 0.05052021132812501 0.5522731166666668 0.036272175781250006 0.18097085000000002
0 0.14588092890624998 0.5013100631944444 0.009360560937499995 0.03744224305555556
0 0.129499946484375 0.5033901875 0.011700700781250007 0.037442244444444446
0 0.216085138671875 0.46698800416666664 0.007020421093749984 0.03536212222222224
0 0.22895591015625 0.47114825208333333 0.007020420312499986 0.031201870833333267
0 0.23948654296875 0.47114825416666667 0.009360560937499995 0.027041622222222214