0 0.18729436171875 0.7164348555555556 0.017994656250000008 0.12582930277777787
0 0.17109917187499998 0.7153685055555556 0.0215935875 0.13222740000000002
1 0.48600565859374995 0.6154362826388889 0.013196081250000002 0.02559240138888883
1 0.470410287890625 0.6250334333333333 0.029991094531249995 0.04905209999999995
1 0.49800209492187497 0.6207680340277777 0.008397505468750044 0.019194301388888925
1 0.50400031484375 0.6218343833333333 0.010796793749999978 0.02132700000000006
1 0.51479710703125 0.6260997826388889 0.017994656249999963 0.02559240138888891
0 0.5981723488281251 0.6353922555555556 0.014395725781249969 0.0533175
1 0.648020058203125 0.6611370020833334 0.08277541796875001 0.12796200138888894
1 0.728396189453125 0.6675351013888888 0.13076116953124997 0.2004738
1 0.8759523707031249 0.6877957520833334 0.2459269695312499 0.3092415013888889
1 0.41708863437500004 0.6675351020833333 0.1367593875 0.22606620138888883