3 0.38865660351562503 0.5293702263888889 0.014350397656250014 0.05527560555555553
3 0.411378067578125 0.5219292784722221 0.038267728906250034 0.09566931527777779
1 0.37550207265625 0.5447836138888889 0.019133864062500016 0.03401575555555551
1 0.237379495703125 0.5586025166666666 0.04663879453125004 0.05314961944444442
1 0.67327282421875 0.5554135388888889 0.10762798281250001 0.08929136388888889
1 0.43469746328125003 0.5586025159722223 0.04065945937499995 0.0616535597222222
1 0.9729800460937501 0.6061559930555556 0.05250485000000005 0.10438128888888885
1 0.167022681640625 0.57118125625 0.11241144921875001 0.10204727361111113
1 0.3344439859375 0.5818111798611112 0.0884941203125 0.12330712083333337
1 0.47675209765624993 0.5764962173611111 0.07175198906249998 0.11267719583333337
1 0.015346951171875001 0.5974912 0.030693902343750003 0.07215515