1 0.357948776171875 0.3811767298611111 0.01786766015625001 0.04764709027777777
1 0.3438035453125 0.3891179125 0.013400743750000022 0.02117648611111112
1 0.331891773046875 0.39044144374999995 0.010422800781249996 0.029117668055555553
1 0.318491029296875 0.3975460979166666 0.01935663046874998 0.03273873749999999
1 0.297645426953125 0.40500027708333336 0.022334574218750004 0.031764729166666686
1 0.203393522265625 0.3838237916666667 0.05658092109374999 0.058235333333333375
1 0.145323628515625 0.4222061701388889 0.09827212578124998 0.12970597083333335
1 0.390259455859375 0.4182355784722222 0.06998166640625003 0.12176478750000004
1 0.4505628046875 0.4222061729166667 0.053602976562499995 0.06088239583333335
1 0.246424800390625 0.4433826555555555 0.12060669921875 0.14029421388888885
1 0.515821979296875 0.4552944284722222 0.10312121171875006 0.12176478749999996
1 0.06700372265625 0.4275002909722222 0.1340074453125 0.27264724305555554
1 0.8397799839843749 0.3652943680555555 0.3186399226562499 0.6088239444444444
0 0.567382584765625 0.42028339652777774 0.017193411718749996 0.06877364583333331