1 0.181070557421875 0.4592428076388889 0.10040520859375002 0.11611044583333338
1 0.11478362382812501 0.4679077673611111 0.038017505468750004 0.07451864583333329
1 0.05337072968750001 0.4679077659722222 0.0848082828125 0.08838257916666663
1 0.016815435546875 0.4817717 0.03314346640625 0.09184856111111112
2 0.46668925625 0.43064844375000005 0.027294620312500052 0.055455734722222164
1 0.595363892578125 0.509499567361111 0.25734927265624996 0.16810019861111106
1 0.7752159394531251 0.4930361458333334 0.10235482421875002 0.09358155277777777
1 0.341913851953125 0.5120990548611111 0.30024081640625 0.5129655513888889
1 0.9389770046875 0.5188894013888888 0.11793844374999995 0.18398036388888891
0 0.8607553277343751 0.5380939319444444 0.07213578046875 0.38992314166666675
0 0.7925187785156249 0.4947691381944444 0.056538855468749996 0.28247765138888886
0 0.8285866687500001 0.5086330715277777 0.04679077656250001 0.23395388194444447