1 0.08037613125000001 0.46066320069444444 0.011996437500000002 0.01706159861111113
1 0.08277541796875001 0.46919400069444445 0.011996437500000002 0.021326998611111175
1 0.09717114375 0.45746415208333335 0.026392162500000003 0.04052130138888891
1 0.101369896484375 0.46919400069444445 0.025192519531249992 0.03412319861111115
1 0.114565978125 0.4478670013888889 0.015595368749999982 0.017061600000000017
1 0.115165800390625 0.46919400069444445 0.02159358828125 0.029857798611111104
1 0.13495992265625 0.47559210138888885 0.0347896703125 0.04691940000000001
1 0.1595526203125 0.4787911513888889 0.0215935875 0.040521300000000024
1 0.18054638515625002 0.4851892520833333 0.03718895625 0.049052101388888915
1 0.212336944140625 0.49585275208333335 0.062381475781250015 0.07037910138888889
1 0.050984859375000004 0.47665845138888885 0.06358111875 0.08744069999999995
1 0.016195190234375 0.4649286006944444 0.01319608046875 0.021326998611111096
1 0.007197862500000001 0.4670613020833334 0.014395725000000002 0.05118480138888886
1 0.559633810546875 0.49265370277777776 0.017994655468749964 0.017061597222222245
1 0.5620330980468751 0.5107816513888889 0.015595369531250024 0.027725100000000048
1 0.547637373828125 0.5054499020833333 0.02279323203125001 0.03838860138888889
1 0.607619560546875 0.5086489527777778 0.025192519531250034 0.0618483
1 0.62441457421875 0.5182461020833333 0.010796793750000066 0.03838860138888889
1 0.63041279296875 0.5225115020833333 0.017994656250000053 0.04265400138888885
1 0.643608873828125 0.5267769027777778 0.03239038046875002 0.0469194027777777
1 0.656205133203125 0.5385067520833333 0.02159358828125004 0.05758289861111107
1 0.664602640234375 0.5417058020833333 0.028791450781250026 0.06824640138888888
1 0.7005919527343749 0.5587674027777778 0.08397506328125007 0.11090040277777773
1 0.5878254390625 0.5321086506944445 0.04798574999999996 0.0746444986111111
3 0.44536774296875004 0.45639780069444447 0.18714442500000006 0.36895709861111115
1 0.53594084609375 0.5438385 0.017994656249999963 0.07037910000000001
0 0.74113991484375 0.5809474847222222 0.026392162500000003 0.1236966
0 0.254684372265625 0.4988385340277778 0.02279323203125001 0.10023689861111112