3 0.6087675 0.30673953541666665 0.1121029015625 0.3084725263888889
1 0.7584005046875 0.3942556180555556 0.07798462656250002 0.09184856111111112
1 0.703811265625 0.38819014652777784 0.031193851562500007 0.04852376805555557
1 0.21536676601562502 0.3762037340277778 0.04692231328125 0.05863265972222224
1 0.163686456640625 0.38603817083333336 0.054426716406250006 0.0389637861111111
1 0.1135651140625 0.3847241631944444 0.04191673749999999 0.0415918013888889
1 0.2588114828125 0.371726725 0.04191673750000002 0.05025675833333337
1 0.35288044023437504 0.37345971736111117 0.04484116015624999 0.05718872638888893
1 0.302190431640625 0.37345971736111117 0.03899231328124997 0.04332479305555559
1 0.43037766367187497 0.3691272375 0.03801750703125002 0.062387702777777755
1 0.39869640898437503 0.3743262131944445 0.02924423515625003 0.051989751388888866