1 0.527946315234375 0.5556121277777778 0.07852038984374995 0.11571426388888884
1 0.473446965625 0.5321937652777778 0.014464282812500073 0.020204080555555573
1 0.48119568828125 0.5395407027777778 0.011364792187499972 0.02387754722222226
1 0.492560482421875 0.5367855993055556 0.013431121093750064 0.029387748611111104
1 0.4563997761718751 0.5358672319444444 0.01963009921875001 0.02755101388888887
1 0.43315360625 0.53035703125 0.014464282812499984 0.023877548611111146
1 0.4161064171875 0.5303570298611111 0.007232142187499946 0.016530609722222225
1 0.395959737890625 0.5266835631944444 0.006198977343750034 0.016530612499999996
1 0.3887275953125 0.5294386638888888 0.01033162968750001 0.022040813888888917
1 0.378395964453125 0.529438661111111 0.012397952343749985 0.025714277777777756
1 0.36703117265624996 0.5303570291666666 0.01446428281250003 0.02755101388888887
1 0.3536000515625 0.5276019277777777 0.018596934375000006 0.044081622222222214
1 0.33474482656250004 0.5266835618055555 0.025829076562499997 0.053265298611111137
1 0.31563131093749996 0.5321937645833333 0.024795912499999996 0.060612231944444435
1 0.2965177953125 0.5312753965277778 0.02789540468749996 0.0697959041666667
1 0.26603948515625 0.5358672333333333 0.04959182656250003 0.08632651388888885
1 0.23039535859375002 0.5432141715277778 0.060956618750000004 0.09367345416666674
1 0.178995498046875 0.5432141722222222 0.06818876171874999 0.11571426111111115
1 0.406033078125 0.5271427444444444 0.018596935937500003 0.025714277777777756
1 0.6519258812500001 0.5675508986111112 0.04132652031249995 0.06979589999999997
1 0.5997511484375 0.5638774305555556 0.06922192499999999 0.0918367138888889
1 0.8149778050781251 0.6187550798611111 0.11778058515625008 0.11204079305555557
1 0.095825872265625 0.6630610847222222 0.19165174453125 0.41142848611111116
1 0.8735393558593751 0.7236733166666666 0.25209178359375006 0.47020398333333335