1 0.30610911640625 0.5217272590277777 0.010110025 0.019970420833333374
1 0.292629080859375 0.5217272590277777 0.016850042968749968 0.027958587499999982
1 0.23870894257812497 0.5107435270833334 0.02583673203125003 0.021967462500000007
1 0.196022167578125 0.5237243013888889 0.07526352578124998 0.1118343611111111
1 0.26623068046875 0.5277183868055556 0.040440103125000036 0.0439349263888889
1 0.34093253789062505 0.5297154263888889 0.007863353906249992 0.015976336111111145
1 0.352165899609375 0.5337095111111111 0.01909671484375002 0.023964505555555606
1 0.37013927851562495 0.5416976812500001 0.03257674921875 0.051923095833333356
1 0.44821114453125005 0.5756473972222222 0.10110025781250002 0.14778111944444441
1 0.585258161328125 0.6370564437499999 0.26286066953125 0.3055474486111111
1 0.10840194414062501 0.5415312722222222 0.13817035390625 0.15377224722222216
1 0.028033251171875002 0.5580306368055555 0.056066502343750005 0.26360956250000006
1 0.326329166796875 0.5242235611111111 0.012356697656250004 0.01797337777777778