1 0.43790430546875003 0.41866681875 0.016389401562499996 0.05341730694444446
1 0.46385419140625006 0.42716502708333337 0.0464366375 0.08012596527777771
1 0.49595010351562496 0.4295930881944445 0.05053398828124998 0.09955044027777775
1 0.541703848828125 0.44173338472222223 0.08467857578124996 0.13354327222222218
1 0.6366258011718751 0.45872980208333336 0.18164920078125002 0.2015289402777778
5 0.41536887890624996 0.42716502777777776 0.009560484375000034 0.04127701111111111
1 0.40512550234375 0.4186668215277778 0.013657834374999966 0.04856119027777781
1 0.26035245429687504 0.44051935486111105 0.07375230703124998 0.13111521249999997
1 0.154504235546875 0.42473696666666666 0.015023619531249999 0.021852536111111064
1 0.13196880859375 0.42716502986111116 0.0382419375 0.03156477638888894
1 0.078020360546875 0.4393053263888889 0.06419182265624998 0.055845369444444515
1 0.03704685625 0.445375475 0.0204867515625 0.048561188888888926
1 0.050704691015625004 0.4259509986111111 0.012292050781250003 0.01942447777777774
1 0.006572823046875 0.4490175631944445 0.01314564609375 0.06555760694444446
1 0.35049416328125 0.4927226347222222 0.144773046875 0.21609729722222223
0 0.179088335546875 0.42109487916666666 0.00409735078125002 0.024280594444444463
1 0.8169092203125 0.5157891993055556 0.36193262031249995 0.7818351597222223