1 0.305567305078125 0.48797254791666667 0.014345883593749997 0.013602020833333325
1 0.26970259804687496 0.49222318125 0.011476707031249988 0.015302273611111162
1 0.25679130156249996 0.49817406249999996 0.014345882812499999 0.013602022222222211
1 0.24770557695312503 0.50072444375 0.019127844531249983 0.015302273611111082
1 0.2309687140625 0.5041249458333333 0.014345884374999996 0.01870278055555556
1 0.218535615625 0.5083755805555555 0.012433098437500022 0.013602022222222211
1 0.20466792773437498 0.5109259590277778 0.01530227421874999 0.015302273611111162
1 0.317522205859375 0.4862722944444444 0.0076511367187499955 0.020403033333333317
1 0.32565154140625 0.49222318055555564 0.014345884374999996 0.025503791666666664
1 0.334737266015625 0.4973239381944445 0.011476705468749992 0.03230480138888889
1 0.34621397421875 0.5015745694444445 0.02677898125000002 0.05100758333333333
1 0.359125266015625 0.5066753270833334 0.02199701953125004 0.04080606805555552
1 0.368689188671875 0.5134763375 0.029648158593749984 0.054408088888888845
1 0.38160048281250003 0.5321791208333333 0.017215060937500005 0.03740556388888889
1 0.2912214203125 0.4947735576388889 0.014345882812499999 0.023803537500000024
1 0.427507308984375 0.5104158819444444 0.08990086484375 0.13261971666666666
1 0.107594121484375 0.5223176472222223 0.15397914296874998 0.16662477222222222
1 0.18649647617187498 0.5061652479166666 0.019127844531250004 0.03570530694444448
1 0.881124140234375 0.48491210138888885 0.014345883593750131 0.02380353888888891
1 0.858170727734375 0.4806614701388889 0.012433099218750066 0.015302276388888932
1 0.867734650390625 0.4823617222222222 0.012433099218749888 0.01870278055555556
1 0.737665312890625 0.4764108354166666 0.01625866796875002 0.04420657361111111
1 0.7544021750000001 0.4721602041666666 0.024866196875000045 0.05270783611111109
1 0.8046127664062499 0.4900128611111111 0.09659561093749991 0.13261971944444445
1 0.94042045703125 0.49426349305555556 0.117636240625 0.11731744444444447