1 0.467565271484375 0.3099059333333333 0.014327842968750027 0.020377377777777796
1 0.506250447265625 0.3158493423611111 0.022924547656250027 0.03566040972222224
1 0.41813421171875 0.3120285840277778 0.024357334374999963 0.028018893055555535
1 0.38661295742187496 0.31330216944444444 0.03008846953125004 0.03566040833333335
1 0.35222613398437497 0.31584934097222217 0.03868517734374999 0.0407547513888889
1 0.322137663671875 0.3158493423611111 0.03581960703125002 0.03566040972222224
1 0.291332801171875 0.31584934097222217 0.02579011796874999 0.0407547513888889
1 0.26267711484375 0.31712292708333334 0.037252392187500004 0.04839627083333333
1 0.222559154296875 0.32349085763888885 0.04584909765624998 0.05603778472222223
1 0.168113350390625 0.3298587868055555 0.07450478359375001 0.07896233472222218
1 0.0714004109375 0.35405692013888884 0.141845646875 0.2190568013888889
1 0.59365028984375 0.3141512111111111 0.025790117187499996 0.05094344166666668
1 0.612992876953125 0.3116040395833334 0.018626196093750026 0.05603778472222223
1 0.69179601484375 0.30268893750000003 0.03295403906249996 0.058584958333333347
1 0.642364955078125 0.3256134854166667 0.07737035234374998 0.09424536805555558
1 0.48619146640625 0.3192455576388889 0.022924550000000023 0.04075475416666667
1 0.44750629062499997 0.32943424375 0.03725239218750005 0.050943443055555565
1 0.446073506640625 0.31160404027777777 0.028655686718749962 0.030566066666666655
1 0.5506667601562499 0.31669838333333333 0.08310149062500001 0.11716991666666665
1 0.8264777406249999 0.39523619722222225 0.34530101718749995 0.36424561111111114
1 0.9597266796875001 0.23518887708333333 0.07880313593749992 0.06622647361111113