1 0.42173191171875 0.5438134548611111 0.007722456250000054 0.013728809722222242
1 0.40285479570312505 0.5430507444444445 0.014586861718749988 0.01830508055555558
1 0.388267934375 0.539237186111111 0.014586860937500034 0.022881352777777805
1 0.37582619960937497 0.5407626097222221 0.012012708593750032 0.025932199999999975
1 0.36424251640625 0.5392371874999999 0.011154659374999997 0.03203389444444448
1 0.352229805859375 0.5407626104166667 0.014586861718750033 0.03508474027777776
1 0.33635586796875006 0.5384744736111112 0.018877114062500013 0.045762702777777754
1 0.521694815234375 0.5461015916666666 0.006864405468750068 0.024406775000000006
1 0.52813019609375 0.5483897249999999 0.007722456249999965 0.028983041666666685
1 0.53585265234375 0.5522032868055555 0.009438557812499937 0.03355931527777772
1 0.538855830078125 0.5532710777777778 0.010296608593750011 0.029593205555555595
1 0.545720235546875 0.5567795548611111 0.006864405468749979 0.03966100972222222
1 0.5521556152343751 0.5522032868055555 0.007722455468749967 0.03355931527777772
1 0.47064080078125 0.5537287090277777 0.10382413281250003 0.15864403749999997
1 0.598061326953125 0.5619659854166668 0.10468218359375 0.14949149583333338
1 0.670566609765625 0.5840846236111111 0.042044483593750036 0.08999998055555554
1 0.729772108203125 0.5787456437499999 0.07808261328124999 0.13423726249999998
1 0.83522655546875 0.6191693652777778 0.17504233750000003 0.15711861944444444
1 0.9579278054687499 0.6428134277777777 0.08065676562499995 0.19830504722222211
1 0.18405187109375 0.5360337986111111 0.3011757921875 0.3355931333333333
1 0.026599570703125 0.5543388673611112 0.05319914140625 0.12508471805555563