1 0.4528171546875 0.5865951770833333 0.00936056093750004 0.029121745833333375
1 0.46276275078125 0.5845150520833333 0.015210912500000085 0.03744224583333333
1 0.47270834726562505 0.5845150527777778 0.016380982031250026 0.0457627444444444
1 0.49025939960937504 0.5865951770833334 0.025741542968749975 0.05824349305555556
1 0.507810452734375 0.5865951770833334 0.042122527343749994 0.05824349305555556
1 0.366231962109375 0.5834749895833333 0.042122525781249996 0.0520031180555555
1 0.328204682421875 0.5865951763888889 0.03861231640625 0.0457627444444444
1 0.237231726171875 0.5969958006944445 0.09126547265625 0.10192611249999999
1 0.1648677 0.6098180375 0.08154426562499997 0.1095636333333333
1 0.5414499703125 0.6021961131944444 0.05850350937500002 0.06656399305555559
1 0.8695959140625 0.704122225 0.26080817187500005 0.36610195555555564
0 0.5887524875000001 0.6001159881944444 0.024571473437500036 0.10192611249999999
0 0.652521312109375 0.6157169236111112 0.032761964843749956 0.08320498888888885
1 0.11894726328125 0.6046124826388889 0.025741520312499988 0.02288135138888884