1 0.07072055000000001 0.5823072534722222 0.1076279828125 0.09141734861111112
1 0.172967133203125 0.5761418895833333 0.046638792968749995 0.03826772638888893
1 0.21542039257812498 0.5708269326388888 0.04305119140625 0.040393712499999956
1 0.2435232546875 0.5697639375 0.02750492812500003 0.029763788888888913
1 0.27760545078125 0.5708269291666667 0.02152559531249998 0.027637805555555575
1 0.33321324140624997 0.5687009465277778 0.02989666093750003 0.040393715277777804
1 0.36609956953125 0.570826929861111 0.01913386562499997 0.03188977361111114
1 0.3828417 0.5687009465277778 0.014350398437500012 0.01913385972222225
1 0.397192098046875 0.5740159090277778 0.011958664843750012 0.01700787916666668
1 0.40974869609375003 0.5687009465277778 0.022721465625000013 0.01913385972222225
1 0.43187222421874993 0.5708269326388888 0.02152559687499993 0.02338583194444447
1 0.4504081550781249 0.5612599986111111 0.01793799609375002 0.025511819444444465
1 0.46655235273437495 0.5655119659722222 0.016742130468750015 0.01700787916666668
1 0.48389241601562494 0.5708269291666667 0.01793799609375002 0.027637805555555575
2 0.509603545703125 0.5548820451388888 0.03587599453125003 0.0807874236111111
1 0.595705930859375 0.5772048819444444 0.10523624765625002 0.15519689166666667
1 0.7182822460937499 0.6016537118055556 0.13991637968750004 0.19133864027777778
1 0.85999242109375 0.6409844312499999 0.2774410171875001 0.3125197708333333
1 0.9807749367187499 0.7557876118055555 0.03348426250000003 0.21897644027777782
1 0.442635022265625 0.5410631423611111 0.009566932031250008 0.014881893055555493
1 0.45339781992187494 0.5081103763888889 0.007175199218750006 0.021259850000000018