0 0.282331105859375 0.12280233819444446 0.01044303359375003 0.0354430236111111
1 0.40253148359375 0.1011452048611111 0.009493667187499976 0.018565393055555546
1 0.396360598828125 0.1045207326388889 0.014240500781249965 0.021940915277777764
1 0.389715032421875 0.1045207326388889 0.012341767968749995 0.021940915277777764
1 0.38306946484375 0.11042790347222221 0.010443032812499985 0.023628684722222223
1 0.377373265234375 0.11295954722222222 0.01044303515624998 0.028691972222222223
1 0.347942897265625 0.11971059861111111 0.04651896953125001 0.042194075
1 0.3113922796875 0.14502704375 0.0645569359375 0.042194076388888904
1 0.4870251191406251 0.09439415069444443 0.020886067968749967 0.01518986805555556
1 0.4993668859375 0.09945744166666667 0.03037973593750003 0.015189866666666656
1 0.493670686328125 0.11211566458333332 0.011392400781249989 0.02362868194444443
1 0.511233970703125 0.12139836250000001 0.033227833593750054 0.038818550000000014
1 0.5411390203125 0.13236882291666668 0.05696199999999996 0.060759470833333336
1 0.58813267421875 0.16528019861111112 0.1034809703125 0.08607591388888888
1 0.630398382421875 0.18623410208333332 0.14905057578124997 0.09620249305555555
1 0.65460723203125 0.2107066652777778 0.14430373750000003 0.07088604722222222
1 0.6593540667968749 0.2604956743055556 0.17848093984375 0.14008432916666666
1 0.732929984765625 0.28834376458333333 0.21170877421875006 0.1687763041666667
1 0.7283737121093751 0.34710057222222224 0.16121136796875007 0.21237116944444448
1 0.19210537734375 0.20453611111111114 0.04755155625 0.053608255555555574
1 0.163690423046875 0.20865981805555556 0.08814434453125002 0.07010310277777777
1 0.15267238046875 0.23340209444444446 0.061469081250000016 0.08659795277777778
1 0.068007418359375 0.2498969409722222 0.13337631171875 0.16082476805555554
1 0.021035759765625002 0.3303093270833334 0.04175258359375 0.1030928013888889
1 0.86644585625 0.4272165583333333 0.2596343890625 0.36288665555555555
1 0.25051550546875 0.16804126527777777 0.09974228437499999 0.055670111111111094
1 0.47029646953125 0.12253312847222221 0.04755155468750001 0.04536083194444445