1 0.859931399609375 0.8057689041666666 0.27588826171875 0.37877728333333327
1 0.68169665703125 0.7774993416666667 0.33461695156250004 0.3714931083333334
1 0.543069633203125 0.7010154666666667 0.26223042734375 0.33021609166666666
1 0.400345259375 0.7301521819444445 0.04780242187499999 0.13111521388888892
1 0.382590075390625 0.7155838229166667 0.08058122421875002 0.11169073750000007
1 0.375078265234375 0.7136760506944445 0.10106797734374999 0.09469432083333341
1 0.37166380703125 0.6821112763888889 0.10243376093750003 0.08983820277777774
1 0.331373194921875 0.6881814263888889 0.04916820546874998 0.07769790277777773
1 0.311569335546875 0.6881814229166666 0.04233928828124998 0.06798566527777779
1 0.2958628234375 0.6699709784722222 0.019120968749999977 0.050989248611111135
1 0.28903390742187496 0.6808972451388888 0.030047236718750002 0.05341730972222223
1 0.26923004609375 0.6711850097222222 0.02594988437499999 0.04856119166666662
1 0.06777698398437501 0.7464548527777778 0.08741014140625 0.10683461666666669
1 0.07802036015625 0.7027497840277778 0.1406756984375 0.1262590958333334
1 0.1360661578125 0.6845393361111112 0.090141709375 0.12868715277777776
1 0.18728303867187499 0.688181425 0.02048675234374999 0.07284178611111108
1 0.233719676171875 0.6991076916666668 0.05599712265624999 0.08012596111111113
1 0.022279332421875 0.7683073895833333 0.04455866484375 0.17967640416666666
1 0.03264156640625 0.7160433611111112 0.0652831328125 0.19190626666666663