1 0.18639995585937502 0.5602043340277778 0.03357782109375 0.03673470972222219
1 0.151100195703125 0.5678573972222222 0.03357782109375 0.039795936111111034
1 0.55601429609375 0.5005104305555556 0.022385214062500047 0.021428580555555576
1 0.659761154296875 0.48367368749999995 0.042187517968749956 0.018367355555555537
1 0.7170156175781249 0.4806124611111111 0.02238521328125005 0.01836735277777777
1 0.8167159597656249 0.44540836250000004 0.1033163726562499 0.07653064444444442
1 0.9338078484375 0.4224491722222222 0.04993624687500002 0.03673471388888893
2 0.7990660773437501 0.4063777326388889 0.20060595625 0.16377558472222223
1 0.09819837382812499 0.5878669701388889 0.037021700781250014 0.050510226388888906
1 0.058593765625 0.5939894229166667 0.04218751875 0.044387776388888904
1 0.019850125390625 0.5924588076388889 0.03702170078125 0.04744900138888886