1 0.54494760625 0.8225051590277777 0.021852535937499962 0.033992831944444565
1 0.5749948429687499 0.8261472486111112 0.038241937500000045 0.07526984166666671
1 0.5155832609375001 0.8334314284722222 0.05053398906249997 0.07526984861111113
1 0.444562521484375 0.8419296340277779 0.03141302109374999 0.0437050708333334
4 0.47939 0.881992615277778 0.024584103125000034 0.0801259638888889
1 0.357152378125 0.8783505284722223 0.19803860312500002 0.18938864305555556
1 0.249255483203125 0.8625681416666667 0.10789689453124998 0.14811162777777773
0 0.253352834375 0.8443576972222222 0.04780242187499999 0.10683462222222223
1 0.17208871796875 0.8443576951388888 0.021852535937500008 0.07769790416666669
4 0.2157937890625 0.9463361923611111 0.06828917343750003 0.0971223763888888
1 0.14135859062499997 0.8917048562500002 0.0259498875 0.16267999027777777
0 0.14135858984375 0.8176490416666666 0.02321831875 0.03884895277777787
0 0.0314130203125 0.8880627680555556 0.027315670312499995 0.15539581388888876
0 0.011609159375 0.9002030625 0.02321831875 0.1845325222222221
0 0.173795947265625 0.9038451520833334 0.054631339843749994 0.1918167013888889
1 0.70566901640625 0.8388945618055557 0.2868145312500001 0.3180757986111112
0 0.8364058007812499 0.8277254874999999 0.01638940000000009 0.0801259638888889
0 0.8814766535156251 0.8447219013888889 0.035510369531250065 0.11897491388888899
1 0.7766897546875 0.32293191527777776 0.0027315671874999837 0.024280597222222235