0 0.313957188671875 0.4900314472222222 0.017088600781249984 0.10295354444444445
0 0.28672763515625 0.47737322499999996 0.016139234375000023 0.08101262777777778
0 0.2629934671875 0.48496815972222224 0.02183543281249998 0.08945144444444443
0 0.24020866640625 0.48159263124999996 0.018037967187499993 0.09620249027777782
0 0.22786689921874997 0.4832803944444444 0.018037967187499993 0.11983117500000004
4 0.671221149609375 0.4919716236111111 0.04082276953124993 0.12371152777777776
0 0.7789742703125 0.43855467430555556 0.024683534374999993 0.09451472916666669
1 0.57927192109375 0.4475384923611111 0.006645565625000049 0.028691970833333375
1 0.589240271875 0.4441629666666666 0.011392399999999992 0.03206749999999998
1 0.543670670703125 0.4517579 0.015189867968749927 0.02025315555555554
1 0.53275295390625 0.4483823701388889 0.012341767187499996 0.030379726388888962
1 0.525158019921875 0.45091401597222214 0.010443033593749984 0.032067493055555556
1 0.5175630863281251 0.45428954652777775 0.01234176640625 0.02869197638888884
1 0.5056960015625 0.45428954444444447 0.03417720156250006 0.04894512777777772
1 0.49477828554687503 0.46947941249999997 0.025632900781250002 0.05907170833333334
1 0.45063273398437503 0.4669477659722222 0.07215186953124997 0.10464130694444446
1 0.376140708984375 0.5094407236111111 0.11107590703124996 0.16202525555555555
0 0.8521525203125 0.39086227222222225 0.02650794687499989 0.07207389444444444
0 0.8147295367187499 0.38947623680555554 0.03430440156249999 0.06375767916666666
1 0.55978546171875 0.4497688201388889 0.012474328124999979 0.020790545833333358