1 0.382637141796875 0.5469626513888889 0.022941841406250017 0.04282477222222225
1 0.26104538242187497 0.5734732243055556 0.04588368359374999 0.05506042083333327
1 0.22950034921875 0.5846892361111112 0.040148221875 0.05709969444444446
1 0.18763148867187499 0.5826499625 0.06423715546875 0.07749244166666666
1 0.13371816171875 0.5959052479166667 0.07570807656249999 0.07545316805555555
1 0.0530386734375 0.5936328916666667 0.104385378125 0.10808156388888884
1 0.5251769828125 0.56793803125 0.028677301562500014 0.07953171805555555
1 0.536647904296875 0.5465256458333333 0.02179474921875002 0.03670694722222218
1 0.56647229765625 0.56080056875 0.06309006406249998 0.07341389305555562
1 0.56475165859375 0.5699773069444445 0.02753020937499997 0.06729606944444444
1 0.5745019417968751 0.57711476875 0.04703077578124999 0.07749244305555554
1 0.604899882421875 0.5913896909722223 0.07800226171875 0.11827793749999994
1 0.6622544859375 0.6046449777777778 0.11241502343749996 0.16110271111111116
1 0.8202138402343749 0.6211631090277778 0.29021429453124997 0.3181268680555555
1 0.9039085554687499 0.7127265423611111 0.19156437656250008 0.40581568472222224
1 0.330171330078125 0.5944486034722222 0.11356211640625 0.1366314124999999
1 0.45176308984375 0.5924093291666667 0.14568069374999998 0.22635950277777775
1 0.05185683203125 0.7894424520833334 0.10252155312500003 0.4090265597222223