1 0.45692392109375 0.5488815819444445 0.008992598437500022 0.024868422222222283
1 0.37099464453125003 0.55154605625 0.008992598437499976 0.023092106944444406
1 0.362501634375 0.5533223715277777 0.005995065624999985 0.01953947361111111
1 0.38098642031249996 0.5479934236111111 0.010990953125000003 0.012434211111111104
1 0.308046453515625 0.5595394756944444 0.04096628359375001 0.04618420972222223
1 0.29405796640625004 0.5701973715277778 0.022981085937500013 0.04618420972222223
1 0.4439346117187499 0.5524342138888889 0.014987664062500006 0.024868422222222207
1 0.46941364179687495 0.5533223715277777 0.017985197656250042 0.030197368055555607
1 0.40846380546875 0.5764144756944445 0.06994243437499996 0.09769736805555557
1 0.5608383953125 0.6003947402777778 0.12489720468750001 0.1421052638888889
1 0.256089215625 0.5675328986111111 0.06894325625000004 0.09059210555555555
1 0.35500780234375 0.5595394770833333 0.014987664062500006 0.02486842083333332
1 0.93353165390625 0.6421381618055555 0.13289062499999993 0.23980263194444437