1 0.40293978203125 0.5102340166666666 0.035595678125000016 0.04453121944444444
1 0.371299179296875 0.5114058930555555 0.038232396093749975 0.06093745833333328
1 0.32515663281249996 0.5242965083333334 0.0751464328125 0.08671868888888888
1 0.262534605859375 0.5324996270833334 0.05800777265624997 0.12187491527777776
1 0.528843016796875 0.4996871493055555 0.01845701953124994 0.046874968055555556
1 0.542685779296875 0.5043746458333334 0.019775377343750032 0.05624996111111105
1 0.5624611570312499 0.5125777652777778 0.04350582968749998 0.07265619999999996
1 0.59607929765625 0.5207808840277778 0.06064449062500001 0.09374993472222223
1 0.636948411328125 0.536015248611111 0.08437494296875006 0.12421866388888887
1 0.7002296171875001 0.5641402319444444 0.13974599843749996 0.16640613611111107
1 0.455674121875 0.5207808847222222 0.08041986562499996 0.12187491666666664
1 0.141154991015625 0.59695270625 0.28230998203125 0.6304683152777778
1 0.8617285304687501 0.5922652118055556 0.27553692031250004 0.36328100138888897