1 0.4369992113281249 0.4741985513888889 0.017193408593750004 0.017830205555555603
1 0.42553693906250006 0.47547213611111105 0.014327843750000024 0.020377375000000027
1 0.41479105625 0.47801930972222223 0.018626195312499937 0.02037737777777772
1 0.398314037109375 0.47929289236111117 0.02579011796874995 0.033113231944444425
1 0.3804042328125 0.48311365347222224 0.021491764062499995 0.03056606527777777
1 0.356046901953125 0.48311365347222224 0.03581961171875001 0.04075475416666663
1 0.233543841796875 0.4928778055555556 0.02579011796874999 0.0534906194444445
1 0.269363448828125 0.5005193180555556 0.06304251015625 0.06877364444444452
1 0.134391271875 0.48438504097222224 0.049295571875 0.0493355125
1 0.1174883125 0.5094344222222222 0.0773703515625 0.06622648055555555
1 0.07020643046875 0.4958495138888889 0.057311371874999996 0.066226475
1 0.022924548828125 0.5115570875 0.04584909765625 0.0789623305555556
0 0.025073725390625003 0.49415138819444443 0.02149176484375 0.03056606527777777
1 0.49478818359374993 0.4686796652777777 0.037252390624999965 0.04075475277777774
0 0.33264476328125003 0.49500045277777777 0.02435733281250001 0.06113213055555554
0 0.76343525234375 0.4729249527777778 0.021491764062499995 0.08660385277777781
1 0.9382826957031248 0.48082118611111113 0.12169114765624993 0.09390573055555554
1 0.730487969140625 0.46868737777777775 0.04919535546875 0.0717607472222222
0 0.47240155664062494 0.5774497597222222 0.08577651796875001 0.26237523055555556