1 0.41134721562500004 0.4135649375 0.013765104687499984 0.024471299999999967
1 0.47845210390625004 0.41356493333333333 0.017206381250000024 0.03262839444444442
1 0.38381700625 0.4135649347222222 0.027530209375000014 0.0407854944444444
1 0.25236025703125 0.4431344208333333 0.07341389374999996 0.09992446666666663
1 0.17321090390625 0.4584289819444445 0.13076849687499997 0.1386706861111111
1 0.0686343359375 0.49962232569444454 0.13650395625 0.21616312638888888
1 0.35158372070312505 0.42111024652777773 0.04932496015625003 0.05506042083333327
1 0.496117321875 0.41295314791666665 0.028677301562500014 0.04282477083333328
1 0.44315990703125 0.4493202173611111 0.07723752499999996 0.11691840972222217
0 0.5982085171875 0.41907097152777784 0.014912196875000028 0.06117824305555557
0 0.658048483984375 0.41006417222222225 0.015294555468749938 0.055400294444444456
0 0.627459365234375 0.42416915902777774 0.020647657031249978 0.08768881805555553
5 0.505033358203125 0.4226078368055556 0.014390794531250074 0.02950575416666668
4 0.578249121484375 0.4659742909722222 0.026383116406250018 0.07545316527777778
4 0.8360007261718749 0.4700528423611111 0.07341389453125 0.09992446249999998
1 0.40396759765625 0.4000377520833333 0.010323828125000035 0.042824770833333366