3 0.01315453125 0.5081103763888889 0.0263090625 0.04677166666666671
1 0.083112719140625 0.5198032944444445 0.027504928906250004 0.027637802777777803
1 0.338430211328125 0.4889765131944445 0.052618124218750006 0.055275604166666645
1 0.38985246953125 0.49322848402777775 0.016742131250000014 0.03401575972222225
1 0.165029574609375 0.5166143159722222 0.13872051171875 0.1233071208333333
1 0.532758514453125 0.4921654902777778 0.010762799218750008 0.014881894444444457
1 0.5231915828125 0.4911024972222222 0.01076279843749992 0.012755908333333347
1 0.510037050390625 0.49322848402777775 0.010762799218750008 0.012755906944444461
1 0.49807838515625 0.4942914756944444 0.013154531250000013 0.010629923611111123
1 0.48671765390625 0.49216549236111107 0.009566931250000011 0.010629923611111123
1 0.47535692265625 0.4942914756944444 0.013154531250000013 0.010629923611111123
1 0.463398259375 0.4942914756944444 0.010762798437500009 0.010629923611111123
1 0.45383132656249997 0.49216549236111107 0.013154531250000013 0.010629923611111123
1 0.444264394921875 0.49535446944444445 0.010762799218750008 0.017007877777777795
1 0.41675946601562497 0.4996064388888889 0.04185532734374995 0.05102363611111116
1 0.608696034765625 0.4964174604166667 0.04305119296874995 0.05314962083333338
1 0.5548820437499999 0.4921654902777778 0.014350396875000015 0.014881894444444457
1 0.57042830703125 0.49641745972222223 0.011958665625000009 0.023385833333333356
1 0.5811911058593751 0.49429147430555553 0.011958664843750012 0.02763780416666669