0 0.710607557421875 0.48389234999999997 0.012914546093750002 0.05510206388888893
0 0.6922197230468751 0.47908184791666664 0.012053575781250015 0.05204084027777777
0 0.921360676953125 0.4639943854166666 0.024107153906249935 0.06428574305555554
0 0.9553689824218751 0.4624637680555556 0.01808036484375002 0.042857161111111076
3 0.41160505078125 0.4293369256944445 0.049075276562500034 0.09948984027777776
1 0.325938556640625 0.45415472430555553 0.027551032031250023 0.030612256944444503
1 0.25318661015625 0.45645064513888894 0.04218751875 0.06581635972222218
1 0.221330730078125 0.45492002916666663 0.04563139921874999 0.07500003333333333
1 0.169242058984375 0.45798125833333325 0.07404340078124998 0.08418371111111114
1 0.0844365359375 0.46027717569444443 0.12311867812499999 0.10714290416666662
1 0.6095051179687501 0.48323637013888887 0.02496812343750001 0.06428574305555554
1 0.025214114453125002 0.4725220805555556 0.050428228906250004 0.10102045277777773
1 0.3823320765625 0.45918389027777773 0.06629467343750006 0.097959225
1 0.5162743851562499 0.48903084444444445 0.1730549234375 0.28010216666666665
1 0.64886373125 0.49056145902777776 0.06629467343749998 0.13622455138888892
1 0.8046992726562501 0.5364798458333333 0.16616716718749994 0.15153068055555552
1 0.29549385781250004 0.4590004041666666 0.03868517656249999 0.05094344166666668