1 0.24627098945312503 0.5381300083333334 0.17501977265625002 0.16152401944444447
1 0.5556638613281251 0.5287786138888889 0.06120909921875004 0.074811125
1 0.055124051953124996 0.5359196694444445 0.10807231796874998 0.12581870555555558
2 0.3367815515625 0.5206173944444444 0.086075296875 0.08161213333333335
1 0.383166573046875 0.5291186590277778 0.012433099218749976 0.04420657083333334
1 0.397990651171875 0.5316690395833333 0.024866196093750004 0.028904295833333295
1 0.419509475 0.532519163888889 0.023909804687500015 0.034005055555555525
1 0.44533206445312495 0.5325191666666668 0.027735374218749963 0.030604550000000015
2 0.49649904648437493 0.51041588125 0.053557963281250044 0.05780859583333332
1 0.59596383515625 0.5163667638888889 0.034430118749999926 0.028904297222222257
1 0.626568383203125 0.5163667631944444 0.026778980468750026 0.02550379027777778
1 0.67151881796875 0.512116132638889 0.01912784374999994 0.0306045513888889