1 0.575624033203125 0.5684212861111111 0.06921135703124995 0.10051351944444444
4 0.47131959296875003 0.6100130875 0.03801750468749994 0.09011556944444447
0 0.45718487929687496 0.5406934180555556 0.017546539843749986 0.09011556944444439
0 0.9333785124999998 0.5519578652777778 0.034118274999999976 0.16463421388888888
0 0.87196561796875 0.5467588895833333 0.045815968749999846 0.11611044583333331
0 0.840284362890625 0.5788192368055556 0.029244235156249944 0.11091147083333329
1 0.38797352265625 0.6134790715277778 0.10138001562500003 0.19409507361111109
1 0.3616537109375 0.5077665756944444 0.03314346718750003 0.020795901388888892
1 0.315837741796875 0.5025676006944445 0.023395388281250006 0.02426188472222219
1 0.349468612890625 0.5034340965277778 0.024370196093749998 0.025994876388888914
1 0.22518061210937498 0.7252570368055555 0.38017505859375 0.4419128902777777
0 0.684802512109375 0.5094995673611111 0.02826942890624995 0.0415918013888889