1 0.9112501816406249 0.4986406902777778 0.16919764921875 0.19157829166666668
1 0.393585947265625 0.46820301875000003 0.012085547656249983 0.012533159722222189
1 0.379989707421875 0.4762600479166667 0.01510693203125002 0.01790451250000002
1 0.40970000820312497 0.4655173409722222 0.012085547656250029 0.017904515277777793
1 0.421785555078125 0.46372689027777775 0.010071289843750008 0.017904513888888907
1 0.43638892343749996 0.4744695951388889 0.017121190624999994 0.01790451250000002
1 0.465595659375 0.4807361777777778 0.039278023437499955 0.03759947777777776
1 0.345747326171875 0.4923741111111111 0.03323525234374998 0.032228125
1 0.29035523906250005 0.4941645611111112 0.057406345312499996 0.06803714999999996
1 0.23244532929687498 0.49953591527777774 0.07251327734374999 0.07161805277777779
1 0.130221749609375 0.5040120430555556 0.10373427265624999 0.09847481944444449