1 0.8720230656249999 0.5116948479166666 0.0420044593750001 0.061496723611111054
1 0.452390281640625 0.45605495416666664 0.021414038281250037 0.032212569444444485
1 0.46597995898437505 0.4575191611111111 0.014001486718750034 0.03514098333333335
1 0.47380431875000006 0.46850071805555554 0.016472337500000035 0.03367677777777784
1 0.48986484687500004 0.47861110833333337 0.02388488749999995 0.04566856944444445
1 0.376205721875 0.4436091875 0.01564872031250002 0.02489153333333339
1 0.368381361328125 0.45385864097222217 0.014825102343750007 0.024891531944444427
1 0.360145193359375 0.4597154722222222 0.01811957109375002 0.0366051944444444
1 0.339142963671875 0.4575191611111111 0.03212105703124997 0.03514098333333335
1 0.337495730078125 0.5021774965277778 0.07494913359375 0.04831885416666669
1 0.197722275 0.48044655694444444 0.046463340625000016 0.054640038888888874
1 0.185950230078125 0.6061362451388889 0.18696102421875 0.20059645972222218
1 0.0520001765625 0.5687989486111111 0.104000353125 0.15813443611111108
1 0.058701425781250004 0.7232728659722222 0.115306359375 0.3353035708333333
1 0.89220167890625 0.6983813326388888 0.21249314843750006 0.2943057541666667
1 0.35737190859375 0.7047524243055555 0.28930826406250004 0.3685446624999999
1 0.40698227578125 0.4375804111111111 0.014622117187500016 0.01906290833333336
1 0.781795892578125 0.5190310215277778 0.11697694140625003 0.10917847916666672