1 0.432452531640625 0.4489503395833333 0.022729586718750028 0.033061218055555563
1 0.407140037109375 0.4562972756944444 0.027895402343750007 0.04408162083333333
1 0.3704627484375 0.45354217500000005 0.041326521875000036 0.045918358333333326
1 0.331202554296875 0.4608891125 0.022729586718749983 0.03857141944444441
1 0.30795638476562504 0.46731768194444445 0.027895402343750007 0.036734686111111144
1 0.276444911328125 0.4700727826388889 0.03099489140624998 0.0385714180555556
1 0.258881141015625 0.4746646194444445 0.022729586718750028 0.03306121666666668
1 0.233568646484375 0.4810931895833333 0.03409438046875 0.04591835694444445
1 0.2036069171875 0.4866033923611111 0.027895401562500012 0.04959182638888882
1 0.139034227734375 0.4838482909722222 0.10538263046875 0.0881632458333333
1 0.471048553515625 0.4517054409722222 0.021696422656250026 0.023877545833333298
1 0.49016206953125 0.4507870736111111 0.016530609374999995 0.03306121666666668
1 0.504109771484375 0.4562972763888889 0.019630097656250012 0.03306121666666668
1 0.5252896140625 0.45997074513888886 0.02686223906250005 0.05510202916666671
1 0.5392373156250001 0.46731768194444445 0.023762749999999944 0.06244896666666667
1 0.587230202734375 0.4662244090277778 0.05795551953124996 0.08632651249999997