0 0.21002538867187498 0.34089876458333335 0.029250847656250013 0.08768881805555558
0 0.82610942265625 0.38984136458333335 0.020647657812499887 0.09176737083333333
0 0.79714534921875 0.38678244791666666 0.022368295312499953 0.0938066402777778
0 0.7337685113281249 0.37352716111111106 0.01835347265624998 0.07953171666666661
0 0.752121986328125 0.3745467986111111 0.01835347265624998 0.07749244166666662
0 0.76818127265625 0.4041162833333333 0.032118578124999964 0.1284743111111111
0 0.257891840234375 0.33802971319444447 0.012618013281249984 0.05404078194444442
1 0.5294658890624999 0.3783053902777777 0.02810375624999999 0.04078549722222225
1 0.416337090625 0.3553391375 0.034705851562499966 0.043795586111111125
1 0.47153773828125 0.37218756875000003 0.0590752421875 0.09584591527777779
1 0.612414983984375 0.4068552381944444 0.12947801796874997 0.16722053472222217