1 0.11928575976562501 0.6160931909722221 0.23857151953125003 0.2647329569444444
1 0.190623322265625 0.49620104166666673 0.045999083593750024 0.05544145833333332
1 0.235063115234375 0.4962010416666667 0.04132121015625003 0.06098560277777775
1 0.28262148945312504 0.48996387638888894 0.05847341171875002 0.0762320027777778
1 0.31965465039062496 0.47679653055555554 0.02027078359375003 0.049897311111111106
1 0.34109490234375 0.46501522013888885 0.031965465625 0.05405541805555561
1 0.36799267109375 0.45392692916666666 0.02027078281249999 0.04296712777777777
1 0.379687352734375 0.44630372777777777 0.017152200781249995 0.041581091666666715
1 0.39800902226562496 0.44422467430555557 0.01793184609374996 0.020790545833333358
1 0.41633069179687504 0.4560059854166667 0.015592910156250018 0.030492801388888876
1 0.515735491796875 0.6687625736111111 0.27209627578125 0.3534392888888889
1 0.40541565468749996 0.43036431180555557 0.014033617187500003 0.020790545833333358
1 0.7527477203125 0.5454053340277778 0.027287592187499942 0.062371640277777765
1 0.56953103046875 0.4740244583333333 0.04132121093750003 0.04158109444444441