1 0.49289431601562494 0.5781907923611111 0.008992599218750019 0.01598684305555559
1 0.449929677734375 0.5799671083333333 0.010990953906250045 0.019539474999999997
1 0.4404374898437499 0.5852960555555555 0.009991776562500032 0.015986841666666703
1 0.42894694765625 0.5870723715277778 0.008992600000000017 0.015986843055555512
1 0.420453937109375 0.5870723715277778 0.007993421093750008 0.02664473750000001
1 0.407964216796875 0.5932894770833333 0.010990953906249957 0.02486842083333332
1 0.394974907421875 0.5950657923611111 0.014987664843750003 0.028421051388888844
1 0.35650656875 0.6021710548611111 0.037968749999999975 0.04618420972222223
1 0.358504923828125 0.608388161111111 0.019983552343749978 0.037302630555555535
1 0.32703082851562504 0.6119407930555556 0.04296463828124999 0.05151315833333333
1 0.1996356796875 0.6474671090277777 0.083930921875 0.09414473749999996
1 0.573328115234375 0.5852960569444444 0.02198190859375 0.04085526388888891
1 0.643770140234375 0.6012828979166667 0.036969572656249915 0.08348684305555554
1 0.69622696484375 0.6092763194444444 0.0799342109375 0.10302631666666666
3 0.6053018 0.5808552666666666 0.0219819078125 0.056842105555555536
3 0.640273016796875 0.587960529861111 0.06394736796874997 0.09947368472222225
3 0.182649658984375 0.5719736861111111 0.07194078984374999 0.07105263055555555
3 0.10021750468749999 0.5719736875 0.1568708890625 0.08526315833333327
1 0.09522161640625 0.6785526340277778 0.1568708890625 0.13144736805555557
1 0.8560953871093752 0.6305921090277777 0.22781250078125 0.2309210541666667
0 0.111708047265625 0.6838815833333333 0.04596217109374999 0.2167105277777778
1 0.5048844476562501 0.5764144770833333 0.014987664062500006 0.02664473750000001
3 0.969502048828125 0.5799671083333333 0.060949835156250035 0.13677631666666668