1 0.403505657421875 0.3773525145833334 0.01681273671875001 0.03736163472222221
1 0.38108867578125 0.37486173819444446 0.025219104687500014 0.022416981944444497
1 0.308233487890625 0.3487085909722222 0.047636083593750024 0.024907756944444397
1 0.24938891484374998 0.3985241076388889 0.02802122656249999 0.024907756944444435
1 0.229073524609375 0.3960333298611111 0.02381804140624997 0.049815512499999985
1 0.19404699062500003 0.40848720694444446 0.1050795984375 0.13450188611111114
0 0.13450188632812501 0.39105177916666667 0.01681273671874999 0.04483396388888892
0 0.594750525390625 0.37901302986111113 0.012609552343749986 0.04234318750000002
0 0.578638323046875 0.37901302847222224 0.01681273671875001 0.02739853472222222
0 0.561825585546875 0.37278609236111115 0.014010613281249995 0.019926206944444483
0 0.609461670703125 0.3852399708333334 0.019614857031250033 0.04483396388888892
0 0.669006775390625 0.36780453958333337 0.015411674218750004 0.019926206944444483
1 0.5604245230468751 0.43879164791666664 0.07285518828125008 0.10710335416666668
1 0.46585288554687504 0.42343186111111114 0.12189233359374993 0.1743542972222222
1 0.32294463203125 0.5351016451388888 0.23677936093750002 0.3262916125
1 0.092470047265625 0.5002307868055555 0.18494009453125 0.4408672930555555
0 0.7677815980468751 0.3503691118055556 0.014010613281250084 0.02988930972222224
1 0.7714593621093749 0.5739458756944444 0.45114174296875004 0.45830272083333334