0 0.176614362109375 0.521211504861111 0.02876874453124998 0.16089186250000004
0 0.02737650390625 0.48871348125 0.028768743750000002 0.11933701250000005
0 0.003798995703125 0.4929755180555555 0.00759799140625 0.12359905000000006
1 0.444523287890625 0.5261838868055555 0.12226716015624994 0.19285713472222218
1 0.6407101441406249 0.5384372402777777 0.11747236953125002 0.18752958888888896
1 0.747993584765625 0.5203235861111111 0.05514009140625005 0.07245461388888882
1 0.94781024375 0.5404261770833334 0.10188930156250002 0.1960536625
0 0.8993122359375001 0.5099982993055556 0.01198697656249994 0.04368587083333332
1 0.8710598746093752 0.5270718236111112 0.01917916171874996 0.06393054166666666
1 0.701044596484375 0.5126874506944444 0.03476223203125004 0.07991317916666665
0 0.276899159375 0.47841355208333336 0.02037785937500001 0.05860299583333336
1 0.50545441953125 0.5110638069444444 0.02637135000000006 0.07778215833333332
1 0.50545441953125 0.4929501534722222 0.02637135000000006 0.05220994305555556
1 0.929879026171875 0.4485793180555556 0.009589580468750114 0.01917916388888893
0 0.57008687265625 0.5107340055555555 0.016182418749999972 0.09376479444444444
0 0.3729011078125 0.5203235868055556 0.025771999999999996 0.10441988472222216