1 0.338477387109375 0.4933872333333334 0.3367043117187499 0.5323589666666667
1 0.78277783984375 0.41349094375 0.2722290171875 0.36679278194444437
1 0.516279959375 0.3816512923611111 0.054445803125000046 0.09933971249999997
1 0.513891978515625 0.3307078506944444 0.07068403984374996 0.10952840138888888
0 0.14757678359374998 0.4045758423611111 0.063042509375 0.22160397361111114
0 0.055878589062500005 0.4364154951388889 0.048714665625 0.2190568013888889
0 0.09599654843750001 0.41773622430555557 0.0429835296875 0.22415114583333334
0 0.075937568359375 0.31330216944444444 0.020058980468749998 0.03566040833333335
0 0.025073724999999998 0.40117960625 0.04728188125 0.24198134861111112
0 0.1282341953125 0.4075475354166666 0.027222901562500002 0.1783020458333333
0 0.20345537070312503 0.33240596180555554 0.020058980468750008 0.043301926388888905
0 0.1798144296875 0.3413210604166667 0.0128950578125 0.07641516250000002
0 0.6803337625 0.3260380291666667 0.021491764062499995 0.06113212777777781
0 0.66600591953125 0.3324059597222222 0.015760628125000054 0.07386798888888886
0 0.655260037109375 0.34768898958333333 0.017193411718749996 0.06877364861111109
4 0.563688444921875 0.4314194576388889 0.07121017265625004 0.08194873472222221
1 0.8999693078124998 0.45072866736111106 0.1971486859375 0.5833304652777778
1 0.6033704324218749 0.3844033013888889 0.11585629921875 0.20188820555555556