0 0.9715004042968751 0.3525986861111111 0.010990953906250133 0.026644736111111123
1 0.28306701328125 0.3739144756944444 0.018984375000000008 0.02664473750000001
1 0.26208428125000005 0.3685855270833333 0.024979440624999995 0.026644737499999967
1 0.22861183046875003 0.3668092138888888 0.0399671046875 0.030197369444444414
1 0.185147604296875 0.37213815902777775 0.04096628359375001 0.0301973708333333
1 0.136187900390625 0.37302631805555553 0.028976152343749995 0.04263157777777775
1 0.06474669921875001 0.37924342499999997 0.039967104687500005 0.033750000000000016
1 0.0248795171875 0.37854015416666664 0.049759034375 0.0501066222222222
1 0.30854604179687495 0.3810197395833334 0.047960527343750003 0.12611842361111114
1 0.10262842929687502 0.37480263263888886 0.03614443359374999 0.03907894861111107
1 0.682604876171875 0.3647368472222222 0.014987664843750003 0.024868422222222207
1 0.666618034375 0.36473684861111116 0.014987664062500006 0.01776315833333331
1 0.64663448125 0.36296053124999994 0.018984374999999963 0.0213157902777778
1 0.6296484605468751 0.3638486902777777 0.012989308593749981 0.015986841666666626
1 0.6141612082031249 0.3638486902777777 0.017985196093750044 0.015986841666666626
1 0.59617601015625 0.36029605833333334 0.01398848749999999 0.015986844444444474
1 0.54521795078125 0.35940790069444445 0.01199013124999997 0.010657893055555532
1 0.425949413671875 0.34016447499999997 0.21482319140625 0.4316447388888888