1 0.428447358203125 0.5062500013888889 0.01798519765624995 0.03197368055555556
1 0.47890582851562497 0.5160197395833332 0.018984374218749968 0.030197368055555528
1 0.49838979335937506 0.5275657923611111 0.027976974218749985 0.03907894861111111
1 0.54984744140625 0.5284539500000001 0.014987664062500006 0.04085526388888891
1 0.45592474374999997 0.5311184243055556 0.04296463906249999 0.04973684305555553
1 0.526866355859375 0.5349755215277778 0.04696134921875004 0.07754896250000003
0 0.12469735703125 0.5115789500000001 0.03197368437499999 0.13499999999999998
0 0.16066775117187498 0.5133552659722223 0.03197368359374999 0.1385526319444444
0 0.197637324609375 0.5115789506944444 0.03597039609374999 0.14921052916666666
0 0.66163252890625 0.5536184277777778 0.006994245312499992 0.039078949999999994
0 0.66962594921875 0.5536184277777778 0.008992598437500022 0.039078949999999994
0 0.63465473203125 0.5402960576388889 0.004995887499999974 0.037302631944444505
0 0.6276604886718751 0.5394078993055555 0.004995888281249972 0.03197368194444444
1 0.747623209375 0.5633881631944444 0.06107264531250003 0.040855262500000024
1 0.5956868046875 0.5453574236111111 0.052956414062500026 0.0733641111111111