1 0.153416213671875 0.48570125555555554 0.015411674218749982 0.029889308333333354
1 0.114186496875 0.4906828055555555 0.043432899999999997 0.029889308333333274
0 0.11558755703124998 0.5006459097222222 0.01260955156250001 0.03985241111111111
0 0.1345018859375 0.5006459069444444 0.011208490625000001 0.04483396111111107
0 0.54291125703125 0.4969097444444444 0.012609551562499988 0.04234318611111105
0 0.53240329765625 0.49815513333333333 0.008406367187500052 0.034870858333333386
0 0.7187444515625 0.5218175020833333 0.01681273593750001 0.07223249583333337
0 0.8665564199218749 0.5230628881944445 0.029422288281249997 0.1195572291666666
0 0.83923572421875 0.5267990534722222 0.025219103125000152 0.13201110972222224
1 0.27530854765625 0.4894374166666667 0.029422287499999998 0.027398530555555568
1 0.43993325078125 0.5006459076388889 0.02241697968749996 0.049815512499999985
1 0.505082603125 0.49566435694444444 0.012609551562499988 0.019926205555555517
1 0.4867286988281251 0.5058765381944444 0.03642759453125004 0.05230629027777777
1 0.378146446484375 0.5905629104166668 0.16112205078125003 0.24160524027777772
1 0.5210547015625 0.48968649375 0.012609551562499988 0.029889306944444468
2 0.306692319921875 0.4884411097222222 0.029422288281249997 0.03238008333333337