0 0.8986407152343752 0.5659042229166666 0.014010613281249995 0.039852412499999997
0 0.885330633984375 0.5683949986111112 0.007005307031250041 0.03487086111111108
0 0.877624794921875 0.5696403875 0.011208491406249976 0.04234318611111113
0 0.865715776171875 0.5721311618055556 0.012609552343749896 0.03736163472222229
0 0.853106223046875 0.5721311618055556 0.009807428906249882 0.03736163472222229
0 0.8475019785156249 0.5696403861111111 0.0070053070312498635 0.037361636111111096
0 0.8432987941406249 0.5708857736111111 0.012609552343749896 0.03985241111111111
0 0.75643299296875 0.5621680604166667 0.009807428124999972 0.027398531944444453
0 0.75222980859375 0.5609226722222223 0.007005306249999954 0.02490775555555555
0 0.743823440625 0.5596772840277778 0.009807429687500058 0.02241697916666665
0 0.734016011328125 0.5596772840277778 0.009807428906249971 0.03238008472222226
0 0.72911229765625 0.5584318958333333 0.008406367187500052 0.029889308333333354
0 0.720705930078125 0.5621680583333333 0.008406367968749962 0.032380083333333295
0 0.487849554296875 0.5409964861111111 0.007845930468750062 0.02490775555555555
0 0.476921282421875 0.5310333826388889 0.005604246093750031 0.024907756944444435
0 0.469915976171875 0.5335241576388889 0.011208491406249976 0.019926206944444483
0 0.321403476953125 0.5310333826388889 0.01120849140625002 0.02988930972222224
0 0.33331249921875 0.5322787694444445 0.009807429687500013 0.032380083333333295
0 0.354328418359375 0.5360149319444444 0.007005307031249996 0.02490775555555555
0 0.34031780429687497 0.5335241590277778 0.009807427343749975 0.02988930972222216
0 0.371841683984375 0.5310333826388889 0.005604244531250036 0.024907756944444435
0 0.37814645976562505 0.5335241576388889 0.007005307031249996 0.019926206944444483
0 0.40266503242187496 0.5347695444444445 0.00840636796875005 0.02739853333333334
0 0.436710816015625 0.5382566256944444 0.004763621093749925 0.02440959027777778
0 0.4441364359375 0.5392529284722223 0.008406367187500052 0.027398531944444453
0 0.4329279453125 0.54174370625 0.005604245312499945 0.027398531944444453
0 0.42872476132812504 0.5404983173611111 0.005604244531250036 0.02988930972222224
0 0.49877782656249997 0.5380075409722223 0.008406367187500052 0.024907756944444435
4 0.26760270976562495 0.5554429722222223 0.033625472656249975 0.03487086111111108
0 0.04623502265625 0.5081182347222222 0.008406367187499996 0.019926205555555517
0 0.036427594921874994 0.5056274597222222 0.00840636796875 0.019926208333333365
0 0.025919633203125004 0.5056274611111111 0.009807427343750003 0.02490775555555563
0 0.071454127734375 0.6681505694444444 0.08406367890625 0.33376393888888894
1 0.47425925312500006 0.5713839604166667 0.04903714531249994 0.059778618055555593
1 0.567429830859375 0.5527031430555556 0.03642759296874996 0.037361633333333324
1 0.59615158671875 0.5751201229166666 0.04623502187500002 0.06226939305555553
1 0.12819710976562498 0.6123156909722222 0.25639421953124997 0.2714945458333333
1 0.6556966937500001 0.5998618104166666 0.11208490468750006 0.1469557652777778
1 0.53450488984375 0.6046357902777777 0.10788172031250003 0.18182661944444445
1 0.32177708828125 0.6882843458333333 0.3222441015625 0.2939115277777778
1 0.944875746875 0.5718820923611111 0.10648066093749993 0.08468637083333337
1 0.86011153828125 0.7362732868055556 0.276009078125 0.28892997638888895
0 0.79916536328125 0.5716330131944444 0.019614857812499942 0.05728784027777773
0 0.81317597578125 0.5728784020833334 0.014010612499999908 0.04483396250000003