1 0.538033356640625 0.49938892916666666 0.0070168085937499566 0.018018474999999985
1 0.545829812890625 0.5049330750000001 0.011694682031250014 0.026334694444444452
1 0.55635502578125 0.5070121284722222 0.012474325000000074 0.041581093055555525
1 0.5637616578125 0.5167143847222222 0.013253971874999947 0.04712523888888885
1 0.576235985546875 0.5361188958333334 0.027287591406249943 0.09979462777777776
1 0.53920282578125 0.5201794743055556 0.01559290937500002 0.02633469027777772
1 0.47994976835937503 0.5042400548611111 0.09511675078124995 0.08870633194444445
1 0.40978167421875 0.5077051472222223 0.02494865468749996 0.03465091111111115
1 0.3322069484375 0.5839371493055556 0.074066321875 0.13444553194444447
1 0.38795160078125 0.5576024611111111 0.02494865468750005 0.05682749722222222
1 0.07507986328125 0.5607903354166667 0.130200796875 0.1413757152777778
1 0.225551441796875 0.6002923743055556 0.23779187421875 0.29799783194444446
1 0.45671631796875 0.6432595034722222 0.18399633593750003 0.28413746805555556
1 0.64539052734375 0.5600973180555555 0.14501406249999996 0.19543113611111113
2 0.863067558203125 0.4781825673611111 0.27287592265624994 0.28552350416666666
1 0.078354371875 0.6749997388888889 0.15670874375 0.3714577638888889
1 0.878270644140625 0.6458929736111111 0.24091045703124997 0.26889106666666657