0 0.4879090578125 0.5674575166666667 0.025741520312499943 0.0854237083333334
0 0.433422839453125 0.6177964944444445 0.03346397734374999 0.14033896111111113
0 0.46173851250000003 0.6139829340277777 0.03174787500000002 0.1723728486111111
1 0.530382565234375 0.5758473604166666 0.03689617734375004 0.07169490138888884
1 0.5775753554687499 0.5918643020833334 0.04547668906249998 0.08542370694444443
0 0.5569821375 0.6113679291666667 0.0334639765625 0.13881352500000002
0 0.605278147265625 0.6170337784722223 0.035180080468750055 0.1632203013888889
0 0.6674868179687501 0.6185592041666667 0.03947032968749999 0.18762708333333333
0 0.7618111078125 0.5918642930555555 0.04547668593749998 0.16169488333333326
0 0.8373195687500001 0.5888134465277778 0.03689617968750003 0.14644064861111106
0 0.8755028234375001 0.5895761583333333 0.029173723437500066 0.15711861388888881
0 0.899099216796875 0.5666948076388889 0.02488346953124996 0.12050845138888885
0 0.25237414375 0.6216100486111111 0.036896176562500035 0.15406776111111117
0 0.228348723828125 0.5972032763888889 0.07293430546874999 0.22728809166666666
0 0.160991746484375 0.6452541138888889 0.04633473671875001 0.20745758611111112
0 0.109508705859375 0.6216100493055555 0.061779649218749996 0.2028813124999999
0 0.384561694921875 0.6053917944444445 0.022420580468750017 0.07625163611111105