1 0.505819741796875 0.5112247194444445 0.011192607031249935 0.022959194444444442
1 0.5131379859375 0.5142859437499999 0.011192606249999936 0.026020420833333367
1 0.5174428343749999 0.5242349284722222 0.009470667187500049 0.018367356944444423
1 0.496779559375 0.5265308486111111 0.023246182812500037 0.03214287222222225
1 0.466645618359375 0.5471941236111112 0.04735333828124997 0.07346942222222223
1 0.441677494140625 0.5318879937500001 0.02324618359374995 0.04285716249999996
1 0.27378838828124996 0.5556124930555556 0.04907527656249999 0.0811224861111111
1 0.351706153125 0.5403063652777778 0.025829093749999997 0.04132654999999998
1 0.308127966015625 0.5651937722222222 0.07126206484375004 0.09416259166666671
1 0.39905949023437504 0.5823982201388889 0.11192607109375005 0.13469394027777773
1 0.52949641171875 0.5234696222222223 0.028412001562499966 0.05357145277777775