2 0.1639638890625 0.48062768749999996 0.15720883125000001 0.1709334166666667
1 0.29485428046875 0.5016601583333333 0.027371179687500025 0.03618298611111107
1 0.350298467578125 0.4941740236111111 0.01473832890625002 0.016219958333333295
1 0.371353221484375 0.4898071111111111 0.01333467734374998 0.019963025000000002
2 0.33310375117187496 0.4831230666666667 0.02526570546875 0.05365063611111114
1 0.01285216796875 0.49925391736111113 0.0257043359375 0.01996302916666666
1 0.0467590890625 0.5086115847222222 0.050531409375 0.053650636111111066
1 0.914014469921875 0.4714482666666667 0.026669355468749954 0.012476891666666667
1 0.975073259375 0.4645859756944445 0.012632853124999954 0.0137245819444444
1 0.5241505984374999 0.4845490006944445 0.013334675000000028 0.01621995972222226
2 0.672937530078125 0.4689528861111111 0.04281133203124998 0.017467647222222223
3 0.738909095703125 0.46815079583333336 0.03298578203125002 0.02620147222222226