0 0.6519486125 0.5038573597222222 0.018457029687500005 0.1281249833333333
0 0.66689001640625 0.5030761097222222 0.025488278125000007 0.1171874833333333
0 0.9837356796875 0.48432611111111107 0.02636718437500001 0.0734374916666666
0 0.8918899878906249 0.5054198590277779 0.032519527343749924 0.09062499027777772
0 0.77851109609375 0.5062011090277778 0.04833983750000002 0.09218749027777773
0 0.939350919921875 0.513232357638889 0.0342773398437501 0.09062498749999995
0 0.726216180859375 0.6069823451388889 0.09667967578124995 0.3531249541666667
1 0.16064007929687502 0.45541986458333333 0.014941403906250006 0.009374998611111114
1 0.170308046875 0.4647948638888889 0.025488278124999986 0.01562499722222223
1 0.20766155820312499 0.4616698638888889 0.03515624609374999 0.02187499722222223
1 0.23578655429687498 0.46323236388888894 0.03339843359375001 0.02187499722222223
1 0.33290568359375 0.46245111388888893 0.025488278125000007 0.026562497222222228
2 0.287642016796875 0.45620111597222224 0.042187494531250015 0.026562495833333345
1 0.376850990234375 0.5015136090277779 0.09228514453125003 0.13281248194444442
1 0.59525916640625 0.49995110902777784 0.10371092343750003 0.14218748194444442
1 0.77675328359375 0.5429198527777778 0.2329101265624999 0.3437499555555556
1 0.07834250078125 0.46635736249999993 0.1566850015625 0.08124998888888883
1 0.16415570468750001 0.5343261048611112 0.12216795468750001 0.12656248472222217
1 0.27929240859375 0.5718261006944445 0.171386696875 0.2140624736111111
1 0.474849024609375 0.5226073562500001 0.15117185546875 0.2093749736111111
1 0.548237687890625 0.6147948444444444 0.20654294296875006 0.2874999638888889
1 0.12052999570312499 0.7007323340277777 0.24105999140624998 0.43437494583333325
1 0.9318802175781251 0.7171385833333334 0.13359373359374996 0.44531244444444434
1 0.070871798828125 0.5335448555555555 0.14174359765625 0.10937498611111107