1 0.536727015625 0.44001630416666665 0.01809520937499993 0.022185697222222227
1 0.5897646953125 0.4511091520833333 0.016847264062499968 0.02218569305555557
1 0.618779424609375 0.45887414375 0.01996712578125006 0.024404268055555574
5 0.5769732457031249 0.4744041340277778 0.013727399218749969 0.037715684722222184
1 0.47471841484374994 0.43650356388888883 0.011231507812499953 0.016639275
1 0.48657389687499997 0.4353942777777778 0.011231507812499953 0.014420702777777844
1 0.5117801734375 0.4597985520833333 0.04492603437499998 0.06322923472222218
1 0.44033530039062496 0.4304025041666667 0.03182260859374999 0.03105997222222222
1 0.400089060546875 0.4304025034722222 0.03993425234374999 0.03771568194444441
1 0.36233871367187503 0.4365035715277778 0.038062335156250036 0.036606398611111104
1 0.33114007812499996 0.4365035715277778 0.03681438749999999 0.034387826388888876
1 0.273422604296875 0.4309571465277778 0.019967125781249973 0.03216925694444441
1 0.29338973125 0.4353942861111111 0.0474219234375 0.03438782777777776
1 0.23411232578125 0.4326210736111111 0.07362877812500002 0.04658996111111114
1 0.078431140234375 0.4387221409722222 0.08049247890625001 0.06322923194444449
1 0.14987601171875 0.4475964180555556 0.0973397390625 0.08985206944444445