1 0.058649749218750005 0.5011614708333334 0.1158369453125 0.11440686111111115
1 0.2692623796875 0.4866005993055555 0.06435385937499997 0.08112486527777783
1 0.1960324296875 0.4765727243055556 0.03490097656249998 0.05198975138888894
1 0.370473449609375 0.48036022291666663 0.030421824218749994 0.04784286805555556
1 0.673592221484375 0.476572725 0.07603501171875005 0.06931966944444447
1 0.3312760984375 0.4720397243055556 0.022231332812499983 0.02704162083333333
1 0.41610618515625 0.47411984861111117 0.014040840624999973 0.022881369444444428
1 0.4359973765625 0.47411984861111117 0.01872112187499999 0.022881369444444428
1 0.5635350265625 0.47203972569444436 0.03978238593750003 0.052003118055555575
1 0.522582569140625 0.4751599111111111 0.016380983593749933 0.024961494444444395
1 0.348981208984375 0.47224024513888896 0.00974807890624998 0.02252889305555554
1 0.303652644140625 0.4713737493055556 0.016571733593749992 0.02426188472222219
1 0.13306127109375 0.4705072534722222 0.045815968750000005 0.04332479305555555
1 0.16376771796875 0.4731067409722223 0.013647309375000005 0.027727868055555483
1 0.48204247968749997 0.47137374930555553 0.014622117187500016 0.013863934722222224
1 0.6087674996093749 0.4817716993055556 0.03411827421874998 0.0415918013888889
1 0.77341256875 0.49944821041666665 0.07798462812500002 0.05892171805555554
1 0.9147597062500001 0.49442254444444445 0.16961656562500008 0.15423626388888884