1 0.894074616796875 0.3954331805555556 0.060989189843750145 0.05102363611111108
1 0.7774776359375 0.41137806527777776 0.06696852343749997 0.07015750000000007
1 0.741601641796875 0.40393711875 0.033484260156250036 0.05102363472222227
1 0.7117049804687501 0.3975591659722222 0.03348426093749994 0.06377954305555554
1 0.46416062031250005 0.42200798958333335 0.06218505468749998 0.09141734861111112
1 0.49226348164062494 0.3964961722222223 0.05381399140625005 0.07015749999999998
1 0.517376677734375 0.38267726944444447 0.02989666171874994 0.04677166388888886
1 0.5377064078125 0.3688583680555556 0.010762798437500009 0.0318897694444444
1 0.566407202734375 0.36035443125 0.01793799609375002 0.01913386527777779
1 0.616633594921875 0.3709843541666667 0.015546264843749925 0.019133863888888828
1 0.6327777921875001 0.37736230972222223 0.023917329687499933 0.023385830555555504