0 0.18857614648437498 0.5445284979166667 0.05405719296874998 0.1510169208333333
0 0.233623808203125 0.5460539215277778 0.07550846015624997 0.1479660736111111
0 0.328438408203125 0.5430030743055556 0.028315672656249992 0.07779659305555559
0 0.298406634375 0.5483420583333334 0.023167368749999983 0.057966091666666685
0 0.27609731640625 0.5460539215277779 0.023167368749999983 0.06254236250000002
0 0.3799214484375 0.5483420576388889 0.018019064062500024 0.04576270416666664
0 0.35761213007812503 0.5544437506944444 0.016302961718749964 0.03355931527777772
0 0.41810470429687496 0.5635962909722222 0.008580505468749954 0.015254234722222215
0 0.522786888671875 0.5979183180555556 0.04290253359374994 0.13576268611111114
0 0.53050934375 0.5971556062500001 0.056631345312499984 0.13728810694444446
0 0.5794182335937499 0.627664075 0.015444912500000019 0.08237286388888884
0 0.666510376171875 0.6780030493055557 0.06092159921875 0.3111863819444444
0 0.598295348046875 0.6238505173611111 0.01544491171875002 0.11135591249999995
1 0.751886420703125 0.6146979756944444 0.03603812890624995 0.04118643194444442
1 0.72829002734375 0.6185115361111111 0.011154657812500001 0.030508466666666657
1 0.71627731796875 0.6078335708333333 0.014586860937500034 0.024406775000000006
1 0.70640973515625 0.6055454361111111 0.012012709374999986 0.028983044444444456
1 0.30226786328125 0.7771555715277777 0.5937710734375 0.42101686527777765
1 0.8501332238281251 0.7138505006944443 0.2925952835937499 0.5628812513888889