0 0.331567155078125 0.4624996708333333 0.02241209296875 0.09374993611111111
0 0.8477044953125 0.4765621583333333 0.015820303125000025 0.09374993611111111
0 0.9103265222656252 0.4730465381944444 0.011865227343749929 0.11484367083333337
0 0.04877926328125 0.4542965506944444 0.0184570171875 0.08203119583333339
0 0.4027585128906249 0.4414059347222222 0.009228510156250013 0.0515624638888889
0 0.8028803078125002 0.47890590833333335 0.018457017187500036 0.10781242500000003
0 0.932079437890625 0.4472653041666667 0.013183585156249933 0.03515622777777776
0 0.9795403421875001 0.5374996180555556 0.039550754687500064 0.26249981944444445
0 0.8872552492187499 0.4022339729166666 0.015820301562500028 0.05490643472222219
5 0.018194253125 0.6150795499999999 0.03638850625 0.46358970833333324
5 0.103491140234375 0.5089840006944445 0.10678703671875 0.0820311958333333
5 0.417919634375 0.4824215298611111 0.05537105468749996 0.05390621249999994
1 0.47131315273437496 0.4730465381944444 0.04350582890624999 0.08203119305555553
1 0.588647056640625 0.4574215388888889 0.04350582890624999 0.04921871666666667
1 0.62951616875 0.48671839375000003 0.05405269687500001 0.10781242638888884
1 0.535253537890625 0.47148402708333337 0.06591792421875002 0.09609368472222223
1 0.713891111328125 0.5328121215277778 0.17534167734374995 0.21562485138888896