1 0.847707961328125 0.5570048090277777 0.04977905078124998 0.04164521805555555
1 0.734485021484375 0.5431230708333333 0.03806633359375002 0.03817478333333339
1 0.6773855210937499 0.5674161138888889 0.03318603281249999 0.04164521944444444
1 0.632486769921875 0.5674161152777778 0.02928179453124997 0.03470434999999997
1 0.6422473671875 0.51709480625 0.01561695624999997 0.017352176388888866
1 0.565626671875 0.5630780687500001 0.012688778125000067 0.019087393055555502
1 0.5431772953125 0.5604752451388889 0.012688776562499981 0.017352176388888866
1 0.5202398894531249 0.5535343743055556 0.023425435156249997 0.02429304583333334
1 0.48949400390625 0.5517991569444445 0.020497257812500003 0.020822611111111104
1 0.4416670734375 0.5526667659722222 0.018545135937499957 0.02602826250000005
1 0.460700240234375 0.5552695923611111 0.011712717968750041 0.02082260972222222
1 0.35528577695312497 0.5544019826388888 0.027329675781249962 0.01908739027777773
1 0.366022436328125 0.514491982638889 0.01952119765624998 0.019087393055555502
1 0.29037779921875 0.5483287222222223 0.04587481249999996 0.034704350000000043
1 0.140064584765625 0.5413878534722222 0.034162094531250006 0.03470434861111116
1 0.072716457421875 0.5509315499999999 0.09077356484375 0.05379174166666674