1 0.5524903109375 0.5478662875 0.011958665625000009 0.027637800000000032
1 0.638592695703125 0.5457403034722222 0.019133863281250017 0.02338583194444447
1 0.642778230078125 0.556370225 0.013154530468750014 0.027637800000000032
1 0.6523451609375 0.5595592027777777 0.022721462500000022 0.03401575555555551
1 0.594943569921875 0.5680631430555555 0.08251478671874998 0.12330712222222226
1 0.524985381640625 0.5510552638888889 0.023917328906249934 0.038267725000000044
1 0.51183085 0.5584962104166666 0.021525595312499934 0.040393712499999956
1 0.42243983281249997 0.5607285027777777 0.035875995312500034 0.07866143888888888
1 0.462501358203125 0.5671064562500001 0.09686518359375 0.11267719861111113
1 0.20927663242187503 0.6137009694444444 0.36115167578125 0.34440954444444444
0 0.801429871875 0.5711812708333333 0.01793799531250002 0.08078742222222222
1 0.7063584875 0.4733859673611111 0.016742131250000014 0.012755909722222233
1 0.73565721640625 0.5818111958333334 0.13034944687500002 0.16582681666666665
1 0.897497787890625 0.6431104118055555 0.20090556640625 0.2381103013888888