1 0.035958208203125 0.6728742020833333 0.07191641640625 0.2274803736111111
1 0.13111180703125 0.6856301118055557 0.12078251406249998 0.13818901527777783
1 0.210038993359375 0.64948836875 0.10404038359375001 0.12968507361111115
1 0.27700751640625 0.6548033305555555 0.03707186093749999 0.08929136111111112
1 0.30331657929687494 0.6526773465277779 0.03707186171874999 0.06803151805555553
1 0.329625640625 0.6441734062500001 0.02511319375000003 0.06377954583333331
1 0.3535429703125 0.6388584444444444 0.025113196874999976 0.05740158888888887
1 0.37207890039062497 0.6431104145833334 0.019133863281250017 0.05314962083333331
1 0.398985897265625 0.6569293166666667 0.02032973046875002 0.021259850000000018
1 0.5030262796875 0.6654332555555555 0.02032972968750002 0.025511816666666694
1 0.52275807734375 0.6537403381944444 0.021525595312499934 0.04464568194444449
1 0.5412940058593749 0.6526773458333334 0.02511319453125003 0.04677166666666663
1 0.555046471875 0.6675592409722222 0.047834659375000046 0.05527560694444449
1 0.8683634874999999 0.8068112465277778 0.26069889062500007 0.3677953736111111
1 0.6130459957031251 0.6781891645833333 0.015546263281250017 0.021259848611111132