1 0.229622326171875 0.5619223298611111 0.20350173671875 0.22338147361111116
1 0.43722141406250004 0.5607082999999999 0.13248099687499998 0.21609729444444448
1 0.6120416976562499 0.5485680034722222 0.151601965625 0.21124117638888887
1 0.783447525 0.5534241229166666 0.19394125312500005 0.18210446527777782
1 0.9108332140624998 0.5376417354166667 0.17828750468750004 0.17482028472222225
1 0.9804881703125 0.45751577083333334 0.03897759062500015 0.05827342777777776
1 0.032266613671875 0.5381371666666667 0.06282603828125 0.06412040833333334
1 0.102604462890625 0.5388557652777777 0.05872868828125 0.04127701111111111
1 0.069142766796875 0.5388557652777777 0.03277880390625001 0.0364208916666667
1 0.09509265312500001 0.5072909923611112 0.03277880312500001 0.01699641805555553
1 0.125139889453125 0.5097190513888888 0.03277880234374999 0.021852536111111064
1 0.33547054609375 0.5461399458333334 0.0682891734375 0.13354327500000002
1 0.45019635625000004 0.5157892006944444 0.12565207968750003 0.1262590958333334
1 0.5287289058593749 0.5024348715277778 0.036876153906249966 0.05584536805555555
1 0.8626629660156251 0.45265965277777775 0.08194700859375015 0.01942447499999997
1 0.729499078125 0.4575157729166667 0.06965495781249995 0.033992831944444406
1 0.683745330859375 0.4405193541666667 0.03277880234374999 0.029136713888888957
1 0.54238674140625 0.5279294972222223 0.0314130203125 0.10683461944444446