4 0.58210158515625 0.6254236097222222 0.030889823437499953 0.04881355000000001
4 0.69407719296875 0.62923716875 0.04376058437500001 0.050338973611111094
4 0.69407719296875 0.6551693673611111 0.04376058437500001 0.07474574861111109
4 0.94685893046875 0.7294574840277779 0.10210803125000005 0.14644065138888898
4 0.245316690625 0.6165761493055555 0.048908889062500016 0.06101693749999997
4 0.219146144921875 0.6226778430555555 0.060063547656250015 0.0579660916666666
4 0.270564832421875 0.6171863208333334 0.046463444531249995 0.040881352777777775
4 0.5013161125 0.6238981868055556 0.013728810937499957 0.042711856944444467
4 0.45626845156249995 0.6338134395833332 0.024883470312499954 0.07474574861111109
1 0.427523753515625 0.5811863305555556 0.006864405468749979 0.013728811111111128
1 0.43438815898437505 0.5849998895833333 0.00858050703125004 0.012203387500000041
1 0.41808519648437503 0.5827117534722223 0.015444913281250017 0.028983045833333342
1 0.44768794492187497 0.5800422625 0.014586861718750033 0.03432202777777778
0 0.833319156640625 0.6378812305555555 0.05405719296875002 0.27915248888888883
0 0.1507398375 0.6020337798611111 0.027457621875000005 0.1159321819444444
0 0.19074465703125001 0.5819490430555555 0.011154659374999997 0.05033897499999998
0 0.22710634765625004 0.5827117527777778 0.008580506249999998 0.030508466666666657
0 0.23568685507812503 0.5811863298611111 0.008580507031249995 0.03355931527777779
0 0.310766290234375 0.5888134479166667 0.007722457031250007 0.03661016249999997
0 0.314198492578125 0.5880507354166667 0.006006353906250039 0.02593219861111109
0 0.319346797265625 0.5888134458333333 0.007722457031250007 0.030508466666666657
0 0.515840403125 0.5949151409722222 0.0077224546874999685 0.03661016249999997
0 0.524849935546875 0.5964405645833334 0.006864405468749979 0.03966100972222222
0 0.7050405796874999 0.5982202208333334 0.01716101406249999 0.04728812499999996
1 0.963161893359375 0.8626269548611112 0.06950210546874995 0.25779656250000016