1 0.372123436328125 0.31344766041666666 0.012914546093750002 0.01989796805555556
1 0.33510173671875 0.31497827222222224 0.019802304687499994 0.02602041666666667
1 0.35059919296875003 0.31727419305555554 0.02841200312500001 0.027551033333333346
1 0.08818790234375 0.35860074236111117 0.10331637187500001 0.09183677638888893
1 0.032040374609375 0.3547742090277778 0.06408074921875 0.13622455138888892
1 0.916018029296875 0.32142871458333333 0.013775516406250077 0.03673470972222219
1 0.90267299765625 0.33214300555555554 0.023246184375000034 0.06428574166666662
1 0.8152845660156249 0.33290831249999997 0.0137755164062499 0.029081644444444443
1 0.8243247480468749 0.34362260208333334 0.01808036484375002 0.04438777361111113
0 0.9448605171875 0.36811241180555554 0.014636487499999972 0.09030616249999998
0 0.929363061328125 0.3489797506944444 0.026690063281250075 0.1438776180555555
0 0.9745639734375 0.35739811875 0.04821430625000005 0.14846945416666663
1 0.554177548046875 0.3107144256944444 0.024107152343750028 0.033673484722222195
1 0.47669026953125 0.328316475 0.022385214062500047 0.04744900277777779
1 0.460331844140625 0.32602055486111114 0.017219394531250033 0.042857162500000004
1 0.647592769921875 0.32142871666666667 0.02324618359374995 0.024489808333333307
1 0.608418644140625 0.33367361875 0.08781891640624995 0.10408167916666665
1 0.774585811328125 0.37806139375000003 0.08781891640625003 0.11326535694444446
1 0.5072546964843749 0.33520423263888893 0.042187521093750034 0.07040819583333335
1 0.43493323515625004 0.31760218333333334 0.03529976093749996 0.04744899999999998
1 0.435794204296875 0.34591852361111114 0.049075277343749946 0.07346942222222223
1 0.686336409765625 0.3482144430555556 0.07662631015624992 0.10255106666666668
1 0.5769681328124999 0.4071430388888889 0.15841843906250003 0.17142864722222223
0 0.976965890234375 0.41627888611111113 0.03443879140624997 0.05051022777777771