1 0.43254811914062496 0.35466126875 0.018721122656249988 0.0270416236111111
1 0.39686097968750006 0.34738083263888886 0.010530631250000023 0.029121745833333337
1 0.41499706640625 0.3411404590277778 0.01638098281250002 0.0166409986111111
3 0.496316945703125 0.3432205826388888 0.029251753906249966 0.062403740277777765
1 0.4600447703125 0.3577814569444444 0.03393203437499999 0.04992299444444445
1 0.410901822265625 0.35778145486111107 0.026911611718750006 0.024961498611111133
1 0.309105718359375 0.3609016423611111 0.07137428046875001 0.11440685972222227
2 0.788296077734375 0.38378301319444447 0.42113200703125003 0.7675660263888889
0 0.25528248984375 0.3442606451388889 0.00819049218750001 0.04784287083333333
0 0.240656612109375 0.32761964444444447 0.009360561718749993 0.03536212222222224
0 0.23305115742187504 0.32657958472222226 0.01053063203125002 0.03744224722222222
0 0.22310555937499998 0.32553952222222227 0.009360560937499995 0.03536212222222221
0 0.21140485937499998 0.33177989444444445 0.01170070156249996 0.06448386666666665
0 0.18566331484375 0.3349000833333333 0.01404084218749999 0.06240374166666669
0 0.17454764960937502 0.33073983333333334 0.010530632031249997 0.06240374444444446
0 0.166357158203125 0.33386001944444443 0.00819049140625001 0.047842872222222214
0 0.156996596484375 0.33073983333333334 0.010530632031249997 0.06240374444444446
0 0.03241655 0.32143782986111114 0.023466256250000005 0.12261024583333335
0 0.04701000078125 0.33334662569444445 0.01989119375 0.10921982361111111
0 0.00917163984375 0.3338600201388889 0.0183432796875 0.11440685972222218