1 0.47255211875 0.5362424590277778 0.020270795312499958 0.03511294583333332
1 0.5110146546875 0.5408625840277778 0.02650796406250002 0.03326489861111115
1 0.547398134375 0.546868745138889 0.035863715625000035 0.03049282083333335
1 0.58664031796875 0.5343944090277778 0.025988200000000017 0.053593443055555585
1 0.715628430078125 0.5450206965277777 0.11694690078125003 0.11550311249999999
1 0.34780875078125 0.5339323958333334 0.014033628124999975 0.021252572222222217
1 0.314024089453125 0.5436346583333334 0.03066607578124998 0.044353197222222224
1 0.33247571093749995 0.5408625826388889 0.010395279687499981 0.012936348611111094
1 0.363921433984375 0.5533369201388889 0.044179941406250034 0.05821357083333333
1 0.265772662890625 0.5353184340277778 0.030146311718749975 0.03696099583333334
1 0.230867257421875 0.5294662659722222 0.01923126953125003 0.057289545833333316
1 0.195087462890625 0.5340863923611111 0.05856548828125001 0.07392199027777771
1 0.0955326171875 0.6227003736111111 0.1902336265625 0.31139639166666666