2 0.52560821796875 0.2880461006944444 0.10834264062500001 0.21516696805555552
1 0.298674308203125 0.3470434951388889 0.12883989765625 0.20475566249999996
1 0.534880786328125 0.3548519729166667 0.03513815390624995 0.1197300041666667
1 0.595396495703125 0.35138153958333335 0.031233914843750023 0.06073261250000002
1 0.625166320703125 0.3548519729166667 0.04782693203125001 0.08155522361111107
1 0.66908901328125 0.36613088541666666 0.08686932343749998 0.11452435416666668
1 0.710571555859375 0.39562958263888887 0.08589326484375004 0.12493565694444442
1 0.819890256640625 0.4259958902777778 0.20497256484374987 0.22731348888888886
1 0.9526402554687501 0.5136243736111111 0.09371346875000004 0.21516696666666665
1 0.4177536070312501 0.4580974125 0.29477006875 0.39910001666666667
1 0.12591171796875 0.4069084965277777 0.2518234359375 0.5292413263888889