1 0.29267558046875 0.4810543569444445 0.010546867187499975 0.014062491666666609
1 0.2781736375 0.4822262319444445 0.010546868750000016 0.01640624166666661
1 0.266308409375 0.4833981069444445 0.010546868749999971 0.014062491666666609
3 0.25114728828125 0.4810543569444445 0.01713866093750003 0.028124980555555526
1 0.23796370390625002 0.49394497638888885 0.009228510937500012 0.021093736111111146
1 0.228735194921875 0.49746059583333335 0.011865225781250021 0.018749986111111148
1 0.22214340234375 0.5009762201388889 0.006591793750000008 0.02109373472222226
1 0.21093735625 0.5033199680555556 0.02109373593749999 0.025781230555555604
1 0.1905027984375 0.510351211111111 0.0250488109375 0.03515622777777776
1 0.150952044140625 0.5103512131944444 0.04350582890624999 0.06796870416666663
1 0.056030235546874994 0.5490230618055556 0.05141598046875 0.07031245138888885
1 0.020434555859375002 0.5595699298611111 0.040869111718750004 0.08671869305555555
1 0.3170652125 0.5021480944444444 0.009228510937500012 0.023437483333333377
1 0.32299782343750005 0.5080074659722222 0.010546867187499975 0.03515622638888895
1 0.33222633515625 0.5162105833333333 0.018457018750000033 0.03749997222222221
1 0.351342532421875 0.5244137020833334 0.02504881015625 0.04921871527777778
1 0.37243626679687497 0.5337886937499999 0.04350582890625003 0.06328120416666662
1 0.49899868085937504 0.5818355375 0.11733390390625002 0.12656241388888886
1 0.65720169609375 0.6322261277777778 0.26762677031250004 0.2507810777777778
1 0.8735913074218751 0.7784204243055555 0.25210800234374997 0.40957601250000003