1 0.43313951523437505 0.5063718027777778 0.01280564453124997 0.0159359138888889
1 0.44626530234375006 0.5058026618055556 0.01600705625000005 0.021627312499999995
1 0.417772741796875 0.5086483604166667 0.01280564453124997 0.011382795833333384
1 0.4040066734375 0.5097866402777778 0.016007056250000005 0.013659355555555584
1 0.39120102890624997 0.5069409423611111 0.013445928125000029 0.017074193055555516
1 0.376474536328125 0.5040952416666666 0.01600705703124996 0.022765591666666612
1 0.35982719765625 0.49954212361111117 0.012165362499999999 0.02731871111111109
1 0.35310423398437496 0.5018186833333333 0.007683386718749974 0.025042150000000006
1 0.349262540625 0.5006804027777778 0.008963951562500006 0.027318711111111168
1 0.34638127070312497 0.5006804034722222 0.01088479765625001 0.031871829166666685
1 0.33133463671875 0.4949890055555555 0.02176959531250002 0.0409780638888889
1 0.31468729882812496 0.4989729840277778 0.04225863046875 0.03983978472222221
1 0.48788364960937497 0.5137706180555556 0.03521552421875 0.05122258055555559
1 0.27005047265625 0.5001112645833334 0.026891854687499973 0.06032881805555558
1 0.251482287109375 0.5023878229166666 0.029452983593749992 0.0626053763888889
1 0.226511279296875 0.5075100805555555 0.040978064843749974 0.07057333333333331
1 0.189374908203125 0.5080792194444445 0.06402822578125 0.08764752499999993
1 0.11318131992187501 0.5166163166666666 0.12421475859375 0.10927483611111112
1 0.0050022 0.5520655993055555 0.0100044 0.0591905375
5 0.46439671328125004 0.5145023645833333 0.007043104687500001 0.01365935416666662
0 0.128888811328125 0.45189698958333335 0.017287621093749993 0.031871829166666685
0 0.6617317125 0.51507150625 0.018568185937499936 0.0785412902777778
0 0.57497346640625 0.4968590319444445 0.01280564531249997 0.051222580555555515
0 0.56793036171875 0.5042578486111111 0.010244515624999995 0.03870150555555559
0 0.59322151171875 0.5048269875 0.008323668749999947 0.048946019444444426
0 0.598984051171875 0.5025504291666667 0.01088479765625001 0.04439290277777772
0 0.611789696484375 0.5031195708333333 0.01088479765625001 0.05463741944444449
1 0.474129011328125 0.5076726868055556 0.009604233593749978 0.027318709722222206