1 0.40357044804687503 0.5280425736111111 0.023395388281250006 0.022528891666666735
1 0.40357044804687503 0.5107126555555556 0.01559692578124996 0.019062911111111133
1 0.42355400976562496 0.51851111875 0.016571733593749992 0.031193854166666708
1 0.426478433203125 0.5410400125 0.02826942890624995 0.03465983611111112
1 0.461084110546875 0.5089796638888888 0.01754654140625007 0.0259948777777778
1 0.479605459375 0.5202441131944444 0.017546540624999985 0.02426188472222227
1 0.44743680078125003 0.5410400125 0.03509308124999997 0.04505778611111108
0 0.591220958984375 0.5644353986111111 0.024370196093749998 0.10224651111111108
0 0.5658759550781249 0.5566369354166667 0.030219044531250017 0.11091147083333336
0 0.822250416796875 0.5869642909722222 0.04191673671874998 0.18196413194444447
0 0.715996362109375 0.5644354 0.02047096484375004 0.10917847499999998
0 0.686264723828125 0.5427730048611111 0.013647308593750029 0.06585368472222221
0 0.32071178164062497 0.5436394979166667 0.021445774218750026 0.11611044583333331
0 0.2076340703125 0.5505714652777778 0.017546540625000006 0.09531454722222227
0 0.149145600390625 0.5306420597222222 0.021445772656250008 0.055455736111111126
0 0.12964944296874997 0.5453724895833333 0.021445773437500003 0.09878052916666667
0 0.10674145859374999 0.5445059930555556 0.0243701953125 0.11784343611111114
0 0.07164837695312501 0.5436395006944444 0.030219044531250006 0.12650839583333334
0 0.049227796484375 0.5592364249999999 0.01852135078125 0.1230424111111111
0 0.03606789140625 0.5549039437500001 0.0214457734375 0.13863933750000004
0 0.01803394453125 0.5540374506944444 0.024370196875 0.15077027916666666
0 0.6614071234375001 0.5349745409722222 0.008773270312499993 0.03639282638888896
0 0.6540960648437499 0.5436394993055556 0.009748079687499977 0.04332479305555555
0 0.9172941828125001 0.5531709541666667 0.025345003124999897 0.06585368611111109
1 0.252962635546875 0.5471054826388889 0.08480828203124999 0.11264446250000001
1 0.941176975 0.6103596819444445 0.11600213437499995 0.1282413888888889