1 0.511981584765625 0.5196231090277778 0.05444580390624996 0.09169819583333338
1 0.542786447265625 0.507311770138889 0.018626196093750026 0.03820758194444444
1 0.6000978203124999 0.5264155618055556 0.11892109687499994 0.1681133597222222
1 0.9289218171875 0.5709910722222222 0.14041286093750002 0.24198134999999996
0 0.309958997265625 0.48778345833333336 0.014327842968749982 0.03820758055555555
0 0.298496723046875 0.49330232291666665 0.014327842968750027 0.05773591250000002
0 0.2590951546875 0.5111325291666666 0.012895059374999995 0.066226475
0 0.282019703515625 0.4996702548611111 0.010029489843749984 0.043301926388888905
0 0.24691648828125 0.5289627333333333 0.025790117187499996 0.12735860555555556
0 0.155218292578125 0.53660425 0.04011796015625 0.1630190138888889
0 0.084295469921875 0.531509904861111 0.05874415703125 0.1884907347222222
1 0.3923440953125 0.5933509340277777 0.2507372546875 0.3223614847222222
1 0.792090916796875 0.6079250680555556 0.3567632929687499 0.3616984388888889