1 0.1952983234375 0.24656232361111113 0.04746090468749999 0.05156246388888886
1 0.7707617953125 0.27468730416666665 0.061962848437500016 0.056249961111111094
1 0.90853025546875 0.2969529138888889 0.12919912968750005 0.10078118055555553
1 0.5222512238281249 0.22898421041666667 0.02109373515624995 0.035156226388888906
1 0.043027920703125 0.26179668749999996 0.08569330078125 0.0726562
1 0.11356009882812498 0.22546858749999998 0.031640603906249995 0.028124980555555564
1 0.24275922851562498 0.2043748520833333 0.047460905468749995 0.04218747083333333
1 0.24671430390625 0.27351543125 0.07119135781250004 0.10078118472222222
1 0.318564840625 0.25359356944444444 0.030322245312500006 0.04687496944444444
1 0.38777866015624995 0.2160935951388889 0.029003885937500008 0.042187473611111095
1 0.41612336757812507 0.20203110347222225 0.022412094531250037 0.02812498194444445
1 0.648813637109375 0.23484358263888888 0.02373045234375004 0.02812498194444445
1 0.4622659136718751 0.2102342222222222 0.01713866015625003 0.025781233333333296