0 0.44663240351562494 0.48671052847222224 0.011990132031249967 0.035526315277777734
1 0.47460937695312494 0.4867105291666667 0.019983552343750065 0.028421052777777806
0 0.06144942421875001 0.52490131875 0.028976151562500004 0.11546052638888887
3 0.026478207812499998 0.5053618444444444 0.050958060937499994 0.15809210555555558
1 0.42133030624999995 0.4742763173611111 0.015986842187500017 0.017763156944444504
1 0.405343463671875 0.4804934250000001 0.017985196093749954 0.01953947777777777
1 0.49476986328125 0.48582237152777774 0.020982731249999987 0.03730263194444442
1 0.503262872265625 0.4849342125000001 0.017985197656250042 0.03197368333333333
1 0.5107567046874999 0.4911513180555556 0.014987664062500006 0.033750000000000016
1 0.536735324609375 0.4973684229166666 0.04296463828124999 0.06039473472222225
1 0.549724633203125 0.5089144763888889 0.040966283593749965 0.05506578888888885
1 0.562214354296875 0.5195723708333333 0.045962171093750025 0.06572368333333335
1 0.594687626171875 0.5400000034722222 0.05695312578124998 0.11368421249999995
3 0.352010269140625 0.48315789652777774 0.03297286171875 0.03552631527777782
1 0.32053617421874997 0.5213486875 0.061949014062499995 0.08703947500000003
1 0.237604429296875 0.5426644763888889 0.11590460703124998 0.11190789444444446
1 0.67124752421875 0.5471052659722222 0.145879934375 0.1776315791666667
1 0.385482719921875 0.4796052659722223 0.013988486718749993 0.017763159722222196
1 0.8940641375 0.7034210569444445 0.20982730312499998 0.3765789499999999
1 0.371111253515625 0.47748954861111115 0.009355746093750028 0.018018472222222214
1 0.454533320703125 0.4698663486111111 0.009355746093750028 0.013860363888888906
1 0.43699129687500005 0.4712523847222222 0.008576100000000064 0.011088291666666647
1 0.4642788890625001 0.4719454027777778 0.010135390624999996 0.012474327777777777