1 0.416795119921875 0.6021050770833333 0.015867513281250023 0.020618579166666647
1 0.43675676640625005 0.6147549659722222 0.012397956249999975 0.020204073611111144
1 0.4501878859374999 0.6184284347222222 0.016530609374999995 0.02387754722222226
1 0.46620191328124994 0.6248570034722222 0.01963009843749992 0.02204081249999995
1 0.48479884765625 0.6230202701388888 0.017563771875000002 0.033061218055555563
1 0.50184603828125 0.6239386375 0.02686223906249996 0.031224483333333334
1 0.5235424621093749 0.6266937381944444 0.016530608593749996 0.03673468472222226
1 0.5431725601562499 0.6266937395833333 0.02686223906250005 0.044081620833333404
1 0.5638358218749999 0.6285304736111111 0.035127543750000004 0.051428561111111055
1 0.590698060546875 0.6349590430555556 0.03099489140624998 0.05326529444444448
1 0.61652713671875 0.6349590444444444 0.045459173437499965 0.06061223055555555
1 0.663019473046875 0.645979448611111 0.07852039140624996 0.07897957500000001
1 0.80354118984375 0.6777766736111112 0.1467322359375 0.13522708611111117
1 0.365985098046875 0.6092447631944444 0.04029336015624998 0.06428570416666667
1 0.0901305640625 0.58444885 0.14567598906249998 0.13959180833333334
1 0.2905641953125 0.6165917006944445 0.11881374999999998 0.10469385416666666