1 0.439330233203125 0.43382940138888887 0.038202628906249994 0.055441458333333395
1 0.4712956984375 0.42967129236111107 0.024169010937499992 0.04435316527777778
1 0.3297900421875 0.4303643104166667 0.04210085625 0.0540554208333333
1 0.364874089453125 0.4303643104166667 0.026507946093749978 0.05682749305555556
1 0.38124664453125 0.4268992194444444 0.018711492187500012 0.044353166666666666
1 0.39567008632812495 0.4310573277777777 0.013253974218749987 0.03603694722222228
1 0.4085342359375 0.43590845624999996 0.010915035937499961 0.023562620833333308
1 0.488837722265625 0.4324433645833333 0.01091503671874996 0.027720729166666697
1 0.503650986328125 0.43105732847222217 0.01715220078124995 0.02494865694444444
1 0.516904960546875 0.4282852555555556 0.015592910156249928 0.041581091666666715
1 0.5371757421875 0.4255131826388889 0.026507946874999976 0.04712523750000004
1 0.54380272890625 0.4324433638888889 0.019491137500000023 0.03880901944444446
1 0.56290404375 0.4366014743055555 0.017152201562500035 0.05821352916666669
1 0.586293408203125 0.4338294006944444 0.05613447578124999 0.06652974583333339
1 0.849033938671875 0.49620104097222223 0.2260971914062501 0.2522586291666667
1 0.934794942578125 0.5558006069444444 0.12786186015624992 0.24117033888888884