0 0.93753414140625 0.5371871236111111 0.04482418750000008 0.16406238611111115
0 0.87754883125 0.5219527590277778 0.02241209375000004 0.1429686513888889
0 0.8412939734375001 0.5266402555555555 0.026367170312500042 0.13359365833333334
0 0.783286201171875 0.5160933881944445 0.021093736718749943 0.07031245138888885
0 0.7595557480468751 0.5160933881944445 0.026367169531250047 0.11718742083333338
0 0.5433449593749999 0.5160933874999999 0.013183584375000024 0.03281247499999999
0 0.5321389125 0.5137496402777778 0.009228509374999926 0.032812477777777835
0 0.9513769054687501 0.5371871236111111 0.02241209375000004 0.1453124
0 0.9085302562500001 0.5207808854166667 0.03427732031250006 0.16406238749999996
0 0.88941405703125 0.5102340180555556 0.025048809375000047 0.11015617500000004
0 0.8511816621093751 0.5184371375 0.014501942968750115 0.1078124277777778
0 0.864365246875 0.5125777659722223 0.014501943750000024 0.08203119305555553
0 0.8234961339843749 0.5313277541666667 0.02768552734374996 0.11484367499999995
0 0.805698294921875 0.5196090111111111 0.021093736718750034 0.10078118055555557
0 0.794492248046875 0.5043746465277777 0.019775377343749945 0.07499994861111109
0 0.7437354464843751 0.5231246333333333 0.02109373515624995 0.10781242499999995
0 0.7668067199218751 0.5090621423611111 0.011865225781250021 0.07499994583333332
0 0.992905196875 0.5184371361111111 0.013183584375000024 0.1546873916666667
0 0.9810399707031252 0.5289840041666666 0.036914036718749973 0.18515612222222216
1 0.35613805703125 0.5160933875 0.02109373593749999 0.028124983333333374
1 0.3403177546875 0.5125777645833334 0.02109373593749999 0.04453121805555556
1 0.308677151953125 0.5125777652777778 0.055371055468750006 0.11015617500000004
1 0.42469269687499994 0.5125777652777777 0.018457017187499945 0.04921871666666667
1 0.38975619765625 0.5032027722222222 0.05668941406250001 0.11953116944444449
1 0.47544949765625005 0.5184371361111111 0.098876884375 0.1453124
1 0.664633939453125 0.5489058659722222 0.15292958203125 0.1687498847222222
1 0.157065928125 0.5371871236111111 0.313769315625 0.4359372