1 0.370855341796875 0.3044720486111111 0.015228114843749996 0.019852950000000015
1 0.39674313632812497 0.30176482777777774 0.014212907031249954 0.018048136111111092
1 0.34750556484375 0.30086242083333337 0.013197700000000001 0.01624332222222221
1 0.30283642890625 0.30086242083333337 0.021319360937499976 0.030681830555555577
1 0.275425822265625 0.3053744548611111 0.02944102109375 0.02165776250000001
1 0.24141636640625 0.30447204791666665 0.026395398437500005 0.023462576388888896
1 0.466284860546875 0.3216177777777778 0.03350185234374994 0.05414440833333336
1 0.497756297265625 0.32612981180555556 0.05177558984375006 0.07038773194444445
1 0.535826584375 0.3189105576388889 0.040608306250000045 0.08121661250000002
1 0.5708512476562501 0.3423731340277778 0.09238389531250002 0.11009362916666664
1 0.677955655078125 0.31710574375 0.05888204296874999 0.06677810416666669
1 0.7322692640625 0.31349611666666666 0.06598849687500001 0.05955885
1 0.773385173828125 0.3098864895833333 0.03451706015625007 0.06316847638888888
1 0.8591702203124999 0.3035696423611111 0.0923838953125001 0.09385030694444446
1 0.8794743730468749 0.31349611666666666 0.0720797429687499 0.09204549444444446
1 0.15613892421875 0.3315442520833333 0.11573367187499999 0.1245321375
1 0.6317637070312501 0.36403089652777776 0.12893137187499998 0.12814176527777774
1 0.9276967363281251 0.3324466583333333 0.14212907109375 0.16604285000000002
0 0.801653360546875 0.32391413333333335 0.034322027343749895 0.16932200277777779
1 0.06673294921874999 0.3147615923611111 0.023167368749999993 0.04728812638888888
3 0.024571455078125002 0.31628701597222225 0.049142910156250004 0.050338973611111094