1 0.505540250390625 0.29503801736111107 0.01072899921874999 0.023312395833333353
1 0.5114156566406249 0.2998821659722222 0.011921111718749966 0.025431704166666652
1 0.5257209890625 0.2998821659722222 0.023842221874999937 0.029670320833333323
1 0.544198711328125 0.3041207826388889 0.02980277734375001 0.029670320833333323
1 0.639567597265625 0.3168366361111111 0.07987144296874993 0.04662478888888886
1 0.7534142066406251 0.3209403701388889 0.09060044296875 0.04635502361111108
1 0.448233768359375 0.27656977222222223 0.10013733046875002 0.042386172222222226
1 0.31352521484375 0.3380297222222222 0.06675822031249998 0.08477234444444445
1 0.20623521757812496 0.41644413750000003 0.21696421640624997 0.22464671111111115
1 0.062585831640625 0.3825352020833333 0.12517166328125 0.11020404861111106
1 0.42021915781249997 0.4567110013888889 0.25391966093749996 0.33485075833333333
1 0.8174454105468751 0.28852960833333335 0.056580921093750014 0.047647091666666655