0 0.064646487109375 0.42809029305555557 0.022729586718749993 0.10102038611111115
0 0.09254188828125 0.43451886250000005 0.020663260937499994 0.0918367138888889
0 0.1819104921875 0.42166172083333336 0.015497445312499991 0.05877550000000006
0 0.206189823828125 0.4225800875 0.01239795546875 0.05693876111111109
0 0.24390027617187499 0.40670544722222224 0.011364792968750015 0.014693875000000073
0 0.25629823242187505 0.4039503506944445 0.009298467968750002 0.020204076388888915
0 0.12839773398437498 0.39384830833333334 0.02211986171875 0.036734686111111144
0 0.612222908203125 0.40696784791666674 0.010331630468749964 0.0587754958333334
1 0.56934663359375 0.41615151805555556 0.05889029375000003 0.06612243055555558
1 0.689119752734375 0.4198249868055555 0.10744895703124993 0.1248979291666666
1 0.48256093984375 0.40854218333333336 0.02169642500000002 0.025714277777777756
1 0.42108773789062504 0.42874626111111114 0.07438773984375002 0.10653059166666665
0 0.5543657710937501 0.4195625875 0.018596935937500003 0.08816324444444443
3 0.868890136328125 0.3830902986111111 0.2603570882812501 0.45918357777777774
0 0.16094942968749998 0.4342928430555555 0.02005897968749999 0.11971708888888889