1 0.6403045703125001 0.4621287111111111 0.008607529687499938 0.010201516666666618
1 0.62834966796875 0.4638289645833333 0.009563921875000058 0.010201518055555504
1 0.61830755 0.4655292166666667 0.008607529687500027 0.010201516666666698
1 0.670430924609375 0.47148010138888896 0.007651138281249992 0.028904297222222177
1 0.65665891171875 0.4599183763888889 0.015302274999999987 0.015302275000000047
1 0.57957366640625 0.47777103125 0.015302274999999987 0.013602023611111097
1 0.5609240191406251 0.4811715361111111 0.012433099218749976 0.017002527777777804
1 0.5427525671875 0.48457204236111107 0.018171451562499996 0.01700252916666669
1 0.511191625 0.4973239381944445 0.01625866718750002 0.015302276388888932
1 0.49254197734375005 0.5024246965277778 0.01912784375000003 0.015302276388888853
1 0.4313328773437499 0.5134763381944445 0.022953412499999982 0.023803537500000024
1 0.296481578515625 0.5525821534722222 0.05164517890624998 0.061209101388888916
1 0.17549796679687502 0.5729851881944444 0.06216549296875 0.0816121375
1 0.2285777328125 0.5670343020833334 0.078424159375 0.07651137638888889
1 0.6886023757812499 0.47352039930555556 0.03634290312499999 0.04930733194444438
1 0.35434330625 0.53898013125 0.05164517812499998 0.05270783750000005