1 0.760427128125 0.48334510416666665 0.01893179531250002 0.024307491666666674
1 0.7767295078125 0.4973686576388889 0.030501226562499983 0.059833823611111114
1 0.806178968359375 0.5057827895833333 0.049433022656250006 0.07666208750000002
1 0.8519308078125001 0.5216761493055556 0.05889892031249992 0.12340725972222223
1 0.90697325078125 0.5219877847222222 0.10167075468750006 0.1726455138888889
1 0.5454460679687501 0.5506581569444445 0.04333277187500002 0.0430055611111111
1 0.57163505390625 0.5394393152777778 0.030501226562499983 0.035526333333333326
1 0.493804338671875 0.5637468062500001 0.059950686718750035 0.06170363194444448
1 0.4355364769531249 0.5777703604166666 0.06962693515625 0.08601112638888884
1 0.7462282816406249 0.45997251666666666 0.00946589765625001 0.02617729444444442
1 0.6963745589843751 0.4547370527777777 0.00946589765625001 0.011218841666666653
1 0.682701595703125 0.46034647500000003 0.015776496093750047 0.01869807222222219
1 0.356478698828125 0.6148548618055555 0.11415171640624999 0.11655130694444446
1 0.637545750390625 0.4986151909722223 0.022087094531249997 0.02991691250000004
1 0.673305809375 0.4902010604166667 0.030501226562499983 0.03178671805555556
1 0.721967533984375 0.4540514604166666 0.01942262265624999 0.0268005708333333
1 0.027418234765625 0.6263853402777777 0.05483646953125 0.12340726111111111
1 0.97134572890625 0.5487883493055555 0.05469185468750002 0.22998625694444444
1 0.698057375390625 0.43566502847222227 0.007362364843750057 0.018698070833333306