1 0.38370230000000005 0.5755853125 0.021794749999999974 0.0203927472222222
1 0.435321442578125 0.5771147701388889 0.03785403828125 0.04282477083333328
1 0.18066700234375 0.5944486048611111 0.090620275 0.10400301527777774
1 0.3290242375 0.5638594833333334 0.0401482234375 0.07137461944444444
1 0.41123251015625 0.5777265569444444 0.014912196875000028 0.022432022222222278
1 0.361334003515625 0.57976583125 0.013765103906249987 0.026510570833333386
1 0.351010175 0.5787461951388888 0.01835347343749998 0.03262839583333338
1 0.30856776874999997 0.5787461951388888 0.036706946875 0.06117824583333334
1 0.29767039375 0.5838443826388888 0.030971485937500008 0.04690332083333336
1 0.28562592734375 0.58996220625 0.02753021093750001 0.04690332083333336
1 0.265551816015625 0.5818051069444444 0.040148224218749994 0.06729606944444444
1 0.23916869804687496 0.5970996701388889 0.053913327343750025 0.06933534583333333
1 0.45700149296875 0.5828247444444444 0.013765104687499984 0.03670695000000003
1 0.46617823046874995 0.5838443826388888 0.022941840624999977 0.042824770833333366
1 0.47191368984374993 0.5879229326388888 0.016059289062499982 0.04282477361111114
1 0.48682588750000005 0.5909818444444445 0.03441276249999996 0.05709969444444446
1 0.5120619136718749 0.6021978541666666 0.041295313281249954 0.06729606666666667
1 0.5361508460937501 0.6144335048611111 0.048177867187499945 0.08361026805555562
1 0.5711371558593751 0.6164727784722221 0.06309006328125007 0.1325528625
1 0.64409220078125 0.6368655270833333 0.14338650937499997 0.19373110694444445
1 0.7781872566406249 0.6994712583333333 0.25924281015624995 0.2651057277777778
1 0.937790776953125 0.8556797041666666 0.12159175859375004 0.2773413722222222
1 0.05022624609375 0.6237267736111112 0.1004524921875 0.14624515555555556
1 0.39918804335937497 0.5791540444444444 0.013765103906249987 0.016314199999999977