0 0.7670265347656249 0.42251281458333334 0.01243309765624998 0.023803537500000024
0 0.6842986109375 0.43951534305555556 0.015302275000000077 0.047607077777777736
1 0.531754057421875 0.45566774444444447 0.011476705468749949 0.02210328611111107
1 0.493976566015625 0.4599183777777778 0.014345883593749952 0.027204044444444422
1 0.406466680859375 0.4752206506944444 0.009563921093750061 0.05100758194444444
1 0.566184174609375 0.45396749236111117 0.013389489843750014 0.02550379305555555
1 0.570487940234375 0.4607685020833333 0.010520313281250004 0.03570530694444448
1 0.577182685546875 0.4607685020833333 0.010520313281250004 0.03570530694444448
1 0.58292103828125 0.4590682486111111 0.010520312500000007 0.052707833333333315
1 0.6058744515625 0.46926976597222225 0.04686321718749999 0.06971036527777777
2 0.5484909210937501 0.44886673333333327 0.018171451562499996 0.035705308333333366
1 0.514060801171875 0.4633188805555556 0.03538651015624996 0.05780859444444444
1 0.450460721484375 0.4684196416666667 0.08798808046875006 0.13261971666666666
1 0.655606845703125 0.4718201472222222 0.06790384609375 0.09181365277777774