1 0.55774795078125 0.43687011875000004 0.018128318750000004 0.028647220833333303
1 0.533576858203125 0.43866057013888893 0.018128319531250003 0.039389929166666664
1 0.521994876953125 0.44403192430555555 0.029206738281250023 0.05013263750000003
1 0.57235131953125 0.44582237500000005 0.021149706249999945 0.04297083055555559
1 0.607600829296875 0.45835553611111113 0.06747763359375006 0.096684375
1 0.47868833593750004 0.43866057013888893 0.01309267656249995 0.017904512499999945
1 0.458042193359375 0.44224147291666666 0.02215683359374996 0.02506631805555549
1 0.42833189179687503 0.44403192430555555 0.03524950859375 0.03580902638888893
1 0.36085425859375003 0.4431366986111111 0.04532079843749996 0.04118038055555549
1 0.2868302875 0.4583555354166667 0.09668437031249999 0.06445624861111111
1 0.5023558632812499 0.46551734027777775 0.05639921718750003 0.07877985833333333
1 0.07493038125 0.44850805208333333 0.1498607625 0.1915782875
1 0.8493117558593749 0.5514590020833334 0.29911727109374997 0.33302394305555566