0 0.591260233203125 0.535714526388889 0.043048489843750024 0.20510213333333327
0 0.73010236875 0.46071449166666667 0.015497456249999963 0.038265325000000024
0 0.673708848046875 0.4729593958333333 0.011192607031249935 0.02602041944444448
1 0.236192703515625 0.5267859569444444 0.053380125781249975 0.11173474444444448
1 0.17205045546875 0.5436227006944444 0.11106510156249998 0.13010209861111105
2 0.462340769140625 0.48979613750000006 0.01549745703125005 0.027551030555555578
1 0.450348690625 0.49526261597222226 0.009470668750000045 0.02142857916666669
1 0.44038603906249996 0.49515328263888886 0.009470668750000045 0.022959193055555556
1 0.43220682695312507 0.49821450972222225 0.010331638281250033 0.026020419444444404
1 0.42058373476562505 0.5005104277777778 0.019802305468749993 0.033673483333333344
1 0.41197403710937497 0.4989798166666667 0.02496812421875001 0.05816328888888889
1 0.387866883203125 0.5066328805555556 0.03702170078125002 0.06734696944444446
1 0.3719389421875 0.5165818645833333 0.024107153124999982 0.06887758194444445
1 0.358163425390625 0.5234696222222222 0.02927297265625004 0.0826530972222222
1 0.5177298207031249 0.48877573611111114 0.013775516406249988 0.024489808333333387
1 0.529957387890625 0.5071430909722222 0.03409080859375004 0.06122451805555558
1 0.5551820046875 0.5079083937500001 0.05079721562500002 0.08724493749999998
1 0.58144158359375 0.52627575 0.08265309843749993 0.10561229444444441
1 0.6180327984375 0.5408165743055556 0.08867988593750002 0.1316327125
0 0.0906757796875 0.49420099513888893 0.014636485937499999 0.022959193055555556
1 0.11306099296875001 0.5600173506944445 0.07662630937499999 0.16377558472222217
1 0.05975913359375 0.5936908340277777 0.1195182671875 0.3750001680555555
0 0.496553557421875 0.5051022680555556 0.010331638281249944 0.024489808333333307
1 0.49956695234375 0.49285736597222224 0.018080365624999928 0.02448980694444442
1 0.29795703984375 0.5376824673611111 0.11450898124999997 0.15612251805555555
1 0.47999064882812503 0.4989798152777778 0.021524242968749975 0.03214287222222225
1 0.7245060652343749 0.5823982215277778 0.20663274609374999 0.20051029583333332