3 0.21786955351562498 0.42025049375 0.038017505468750004 0.046790776388888844
1 0.050202604296874995 0.4523108409722222 0.022420580468749996 0.034659834722222234
1 0.41136891093750005 0.41418502430555554 0.025345004687499985 0.0415918013888889
1 0.38699871484375004 0.4115855361111111 0.017546540624999985 0.029460861111111094
1 0.4683951699218751 0.3933891215277778 0.04776558515625 0.034659834722222234
0 0.658970104296875 0.41765100625 0.03509308359375005 0.12824138750000003
1 0.9046216812499999 0.3925226256944444 0.18716310624999988 0.30673953472222226
1 0.665793758984375 0.39945459166666664 0.07603501171875005 0.11264446111111112
1 0.6155911546875 0.40378707222222215 0.041916737500000065 0.07625163611111113
1 0.572699609375 0.3977216013888889 0.04191673749999998 0.060654711111111065
1 0.52054738984375 0.3933891208333334 0.017546540624999985 0.02079590000000001
1 0.543942778125 0.38905664236111115 0.007798462500000003 0.019062909722222247
1 0.8120149355468751 0.3639282625 0.040941928906249994 0.06931966944444443
1 0.73890434765625 0.3769257006944444 0.023395389062500004 0.05718872638888889
1 0.7189207859375 0.3760592048611111 0.03411827343749998 0.05198975138888894