1 0.43468024960937496 0.7084386930555555 0.01625866796874993 0.02380353888888891
1 0.476283309765625 0.7152397027777777 0.011476707031249945 0.010201516666666618
1 0.46002464375 0.7109890694444445 0.017215059375000053 0.011901766666666683
1 0.38829522890625 0.7152397020833332 0.01338949062500001 0.017002526388888838
1 0.41905918125 0.7041880625 0.013070682812499967 0.03570531111111113
1 0.37681852226562496 0.7160898270833334 0.005738353906249971 0.022103281944444497
1 0.3502328140625 0.7070217979166666 0.025890325000000037 0.07197733472222226
1 0.288782188671875 0.7243901854166666 0.09795761171874999 0.0897115763888888
1 0.16593404609375 0.7356427395833335 0.14441522187500003 0.16662477638888887
1 0.49110738906249995 0.7101389451388889 0.012433098437500067 0.013602020833333325
1 0.5006713109375001 0.70928881875 0.008607529687500027 0.015302273611111162
1 0.505931468359375 0.70843869375 0.011476707031249945 0.013602023611111097
1 0.506887859765625 0.70928881875 0.013389489843749925 0.015302273611111162
1 0.5164517824218751 0.7067384395833334 0.011476708593750029 0.017002526388888838
1 0.526015702734375 0.6990873034722223 0.007651138281249992 0.028904298611111143
1 0.5384488019531251 0.6939865430555556 0.017215060156250052 0.03910581388888896
1 0.5542292726562501 0.6880356597222222 0.010520314062500003 0.06460960555555555
1 0.5647495871093751 0.691436163888889 0.010520313281250004 0.07141061388888896
1 0.5857902144531251 0.6956867972222223 0.03156094140625001 0.08671289166666661
1 0.446156955859375 0.70843869375 0.008607528906250028 0.020403034722222282
1 0.4034381140625 0.7033379361111112 0.01817145156250004 0.03740556388888889
1 0.628668475 0.7024878090277777 0.05738353593749999 0.12411845138888893
1 0.6650113769531251 0.7194903368055555 0.06886023828125003 0.12411844861111115
1 0.7887047765625 0.740743495138889 0.2065807125 0.2142318513888889
1 0.046385021484375 0.7472610958333332 0.09277004296875 0.266939686111111
1 0.9450749011718751 0.8016691875 0.10807231796874994 0.2839422138888889
1 0.36891632851562506 0.7107056611111111 0.011476707031249988 0.05100758333333325