1 0.36141149140625 0.49734340138888894 0.0263671703125 0.05624996111111113
1 0.38909701796874996 0.5067183951388888 0.04218747031250003 0.10312492916666668
1 0.12674368359375002 0.49851527500000004 0.036914037499999997 0.04453121944444444
1 0.7556006734375 0.48445278472222225 0.07119135781249994 0.07265620000000005
1 0.7951514265625 0.5032027715277778 0.06591792343750003 0.0914061875
1 0.846567407421875 0.5055465215277778 0.07382807421874986 0.10078118194444446
2 0.669907372265625 0.45398405555555554 0.10283196015625 0.18984361944444444
1 0.571030487109375 0.4996871493055555 0.03955075390624998 0.07968744583333331
1 0.476108678125 0.5617964812499999 0.18720690312500002 0.23671858750000002
1 0.23484907851562503 0.5934370847222222 0.24521467578124997 0.2718748138888889
1 0.93291988671875 0.5137496395833333 0.13315420468750006 0.14531239861111114
1 0.9764257171875 0.6309370590277779 0.04614254687500008 0.23906233472222224