1 0.44644561171874997 0.5699996 0.022412092187500045 0.037499974999999984
1 0.3970071703125 0.6051558270833334 0.08701165937499997 0.11249992361111115
1 0.544004138671875 0.5910933375 0.05668941484375001 0.10312493055555558
2 0.5117043562499999 0.5512496131944444 0.036914037499999976 0.051562462499999934
2 0.603989449609375 0.5453902444444444 0.06328120703124993 0.08671869444444442
3 0.675839985546875 0.5489058659722222 0.05668941484375001 0.0937499375
3 0.74637216328125 0.57937459375 0.1054686765625 0.25781232361111117
1 0.591465043359375 0.6379683041666666 0.06723628203125002 0.12187491666666672
1 0.4813821121093749 0.6379683041666666 0.10283196015625 0.14062490277777778
1 0.65474625078125 0.7328901138888889 0.18061511093749996 0.2742185611111112
1 0.20509537695312502 0.6637495368055555 0.41019075390625004 0.5015621541666667
3 0.872275398046875 0.6203901909722223 0.2544431851562501 0.6492183041666667