0 0.14537161171875 0.5610834166666666 0.015302271874999995 0.07821162777777783
0 0.1692814171875 0.5772358194444445 0.017215059375000008 0.07311086944444448
0 0.12241819999999999 0.5508819006944444 0.009563921874999992 0.04080606805555552
0 0.5977451199218751 0.5576829152777778 0.011476710156250024 0.020403038888888936
0 0.69041954453125 0.5627836701388889 0.00669474531250005 0.023803537499999944
1 0.36008166015625004 0.52027735 0.008607532812499975 0.017002527777777724
1 0.35386511015625 0.5211274756944445 0.00956392187499997 0.022103284722222265
1 0.34477938359375 0.5270783618055556 0.016258665625000022 0.03060455138888882
1 0.3342590703125 0.5415305104166667 0.01625866718750002 0.028904298611111143
1 0.31369663789062496 0.5491816472222223 0.032517335156249993 0.04080606666666671
1 0.294090598046875 0.5678844291666666 0.043037649218749995 0.05100758333333333
1 0.36964558125 0.5585330388888888 0.03729929531250002 0.05270783888888886
1 0.388773425 0.5304788673611112 0.03347372656250003 0.0374055625
1 0.62739327578125 0.6061401173611111 0.09946478750000001 0.08331238749999999
0 0.20403033515624996 0.5670343 0.019127842187499987 0.06630985555555553
1 0.470863755859375 0.7625633715277778 0.31560942265625 0.44716647916666674
1 0.8199469054687499 0.6486464381944443 0.3557778937499999 0.6886023819444443
1 0.011623065625000002 0.7631221506944446 0.021524243749999998 0.22040825972222228
0 0.24882023828125002 0.5496016472222223 0.012053576562499968 0.059693905555555524