1 0.641577521484375 0.37068923333333337 0.023138860156250017 0.02056787777777779
1 0.17091204570312502 0.3641449118055555 0.026294161718750007 0.033656526388888885
2 0.45063684648437496 0.35292606944444443 0.04934288359374994 0.06544324444444444
2 0.38073944765625 0.3445119368055556 0.09045191406250001 0.07479227916666666
2 0.330780541015625 0.3491864548611111 0.06205422109374999 0.0617036319444444
2 0.24190627734375 0.3389025173611111 0.11359077343749999 0.08601112083333334
1 0.684174062890625 0.3688194270833334 0.01788002890625 0.026177298611111077
1 0.6647163828125 0.3688194298611111 0.021035328124999975 0.033656523611111114
1 0.62106807578125 0.36507981180555554 0.015776496874999955 0.02243768194444442
1 0.587937433984375 0.3697543291666667 0.02734592734375001 0.028047102777777708
1 0.864552005078125 0.4880196229166666 0.2682004382812499 0.46932155416666665
2 0.0347082921875 0.34778410138888893 0.069416584375 0.05422440000000002