1 0.53280956796875 0.5704019 0.013334681250000013 0.018715338888888926
1 0.433852221484375 0.5753926541666666 0.009123727343749976 0.013724580555555595
1 0.428237620703125 0.5953556798611112 0.018949278906250023 0.02370609861111114
1 0.21242638593750002 0.59972259375 0.04070585937499997 0.03743067638888888
1 0.45315241210937496 0.5872457020833334 0.01684380390625 0.019963026388888888
1 0.481006619921875 0.5874833555555555 0.022895999218749984 0.019963025000000002
1 0.50298199765625 0.5797595666666667 0.007018251562499955 0.009981511111111117
1 0.514913027734375 0.5893251902777777 0.022458407031249995 0.02744915833333334
1 0.5478988074218749 0.5718575395833333 0.01263285078124996 0.01247689305555555
1 0.552926651171875 0.6126630048611111 0.04132028671875006 0.05665714305555554
1 0.409288340234375 0.6173981965277778 0.05123323671875002 0.058641387500000045
1 0.301558179296875 0.6760395826388889 0.16422708203125 0.15596113749999999
1 0.092527602734375 0.6404804458333334 0.18505520546875 0.17966723888888897
2 0.8346550234375 0.584498826388889 0.3285668359374999 0.824635447222222
2 0.594859094921875 0.5789601368055556 0.03948382890625002 0.12406288472222218
2 0.64490255234375 0.5781439333333332 0.07529474531250005 0.2595526138888889