1 0.5015386359375 0.3249359479166667 0.01657173125 0.03292684027777777
1 0.486429115234375 0.32493594861111114 0.013647310156250026 0.02599487499999999
1 0.467420362109375 0.32493594791666663 0.02047096484375004 0.02252889027777777
1 0.45572266796875 0.3223364611111111 0.018521348437499974 0.034659833333333306
1 0.510799311328125 0.3266689409722222 0.02144577265625003 0.03639282638888888
1 0.531757680078125 0.32320295694444445 0.022420580468750017 0.01906290833333336
1 0.5288332562500001 0.35006432847222224 0.039967121875 0.04852376805555557
1 0.5848847074218749 0.34573185 0.08188385859374998 0.1334403638888889
1 0.4298902601562499 0.33793338611111107 0.04094192968749999 0.06931966944444443
1 0.6833403 0.4098525430555556 0.1345234828125 0.15770224722222226
0 0.845645806640625 0.3907896347222222 0.03801750703125002 0.22008994999999995
0 0.8958484109375 0.39425561805555553 0.05653885625000008 0.22702191666666663
0 0.956286497265625 0.38645715486111115 0.05263962421874986 0.20449302361111113
0 0.9850433289062501 0.4757062284722222 0.024370196875000083 0.12304241249999998
0 0.327535436328125 0.3379333861111112 0.015596925781250003 0.04505778333333335
0 0.288543121875 0.3474648416666667 0.013647309375000027 0.03639282777777773