1 0.323074394921875 0.37123638888888894 0.006216546093749997 0.01360201388888882
1 0.360639328125 0.43702668263888883 0.059774474999999994 0.09436397083333338
1 0.578457515625 0.46168033263888886 0.03060453125000002 0.08076195694444448
1 0.8458486789062502 0.4383018729166666 0.04734138437500004 0.04760704861111115
1 0.71458393125 0.4102477180555556 0.03347370624999994 0.028904280555555554
1 0.677045560546875 0.4025965868055556 0.037777467968749964 0.022103273611111106
1 0.6505056933593749 0.4221494791666667 0.020084222656250005 0.032304783333333295
1 0.9659289601562498 0.44680313125000004 0.025344378125000056 0.030604531944444426
1 0.9020898203125001 0.4421274409722222 0.03347370625000003 0.02975440694444439
1 0.3295566015625 0.46125526875 0.07603313125 0.11051636249999998
1 0.170450230078125 0.5019196388888889 0.21997006953125 0.20488033611111112
1 0.48316372539062497 0.5040449548611111 0.20418960703124997 0.3230478291666667
1 0.732569407421875 0.51679684375 0.2013204320312501 0.1904281958333333
1 0.070480746484375 0.60620174375 0.14096149296875 0.3913412708333333
1 0.393446803515625 0.4399733444444444 0.017215049218750035 0.05865868333333337