1 0.43787628164062503 0.47859341388888893 0.026367169531249957 0.04687496666666667
1 0.369980820703125 0.4797652881944444 0.030322244531250007 0.0679687041666667
1 0.27703654843750003 0.4809371611111111 0.06591792343750003 0.08906243888888889
1 0.193979964453125 0.4961715270833333 0.13974599765624998 0.17109363194444444
0 0.544004138671875 0.49148402986111106 0.030322244531249966 0.13828115416666667
0 0.6231056464843749 0.4633590486111111 0.006591791406250014 0.021093733333333375
1 0.5697121292968751 0.50789026875 0.10019524296875 0.10546867638888892
1 0.61915057109375 0.5301558770833333 0.061962848437500016 0.14062490416666668
1 0.7378028343749999 0.5617964819444444 0.24916975 0.30234354166666666
1 0.517636968359375 0.4797652875 0.011865225781250021 0.07265620000000005
1 0.33043006640625 0.4809371625 0.040869112499999985 0.06562495555555559
1 0.39634799023437506 0.4914840305555556 0.04877926328125004 0.07265620000000005
1 0.48401882890625 0.4985152756944444 0.08173822500000005 0.1429686513888889
1 0.879526369140625 0.6555464173611111 0.23994124140624998 0.4945309097222222
1 0.121470250390625 0.6930463909722222 0.24257795859374998 0.6117183291666666