1 0.13744790625 0.476572725 0.2748958125 0.33620039444444444
1 0.27099658125000003 0.41245203125 0.09163193750000001 0.18023113750000003
1 0.321686589453125 0.41505151875000007 0.050690008593750016 0.11957642916666668
1 0.344594573828125 0.4055200638888889 0.03021904296875002 0.0831836027777778
1 0.357754479296875 0.38819014652777784 0.017546541406250026 0.051989751388888866
1 0.397234197265625 0.39772160208333324 0.06336251015625005 0.07798462916666667
1 0.365552941796875 0.3604622791666666 0.023395388281250006 0.02079590000000001
1 0.4138059312499999 0.3812581805555556 0.04191673749999998 0.06931966666666661
1 0.8446709988281249 0.5588898319444444 0.30706447265625003 0.34486535277777774
3 0.6794410691406251 0.4341144270833333 0.18131426015624993 0.19582806527777782
1 0.580010668359375 0.4185175013888888 0.06823654921875004 0.09531454444444441
1 0.5449175855468751 0.3951221138888889 0.06628693359374997 0.09011556944444447
1 0.514211138671875 0.38299117083333334 0.03606788984374996 0.05892171944444446
1 0.49081575 0.38039168402777773 0.026319812499999973 0.05025675972222222
1 0.477655844140625 0.38125817986111105 0.023395388281250006 0.04852376805555557
1 0.4625463234375 0.36826074236111106 0.014622118750000013 0.03639282638888888
1 0.44841160898437504 0.36392826180555554 0.013647310156250026 0.020795901388888934