0 0.729482420703125 0.508247795138889 0.013984805468749962 0.07458563194444447
0 0.702911291015625 0.50576160625 0.011187844531249968 0.05469613194444444
0 0.6504682687500001 0.5020323256944444 0.009789364062500017 0.027348065277777778
0 0.677039400390625 0.502032326388889 0.009789364843750014 0.042265191666666625
0 0.512543140625 0.49785909375000004 0.012586326562500005 0.05469613194444444
0 0.49436289296874997 0.4991021881944445 0.012586326562500005 0.062154690277777765
4 0.48946821093750004 0.5140193145833334 0.01957872968750003 0.03232043749999999
0 0.3740935609375 0.511533125 0.009789364062500017 0.05718231666666666
0 0.3643041953125 0.5165055013888888 0.015383285937500001 0.05220994444444437
1 0.54086237265625 0.5009668291666666 0.04335289843750001 0.057182319444444435
1 0.593305395703125 0.5357734576388888 0.08111187578124994 0.12679557638888891
1 0.900150961328125 0.6236779513888889 0.1986920570312499 0.3381215333333334
0 0.6428810234375 0.5053121548611111 0.009228507812500019 0.03281247638888887