0 0.676499165625 0.5242965076388889 0.050097623437499995 0.19921861249999995
0 0.597397656640625 0.5278121298611111 0.03955075390624998 0.13593740694444445
0 0.5202736863281251 0.5231246326388889 0.014501942968750025 0.07499994583333332
0 0.524887940625 0.5149215145833334 0.007910151562500013 0.07265620138888886
0 0.40953157578125 0.5430464930555555 0.011865228125000016 0.04453121944444444
0 0.11685599570312499 0.5699996013888889 0.017138660156250006 0.08906243888888889
0 0.015342392578124999 0.5887495875 0.014501942968749997 0.0749999472222222
0 0.1293804 0.5699996013888889 0.013183584375000001 0.08437494166666666
1 0.28494669921875 0.544218370138889 0.015820301562499983 0.028124981944444412
1 0.2216654921875 0.5571089854166666 0.01582030000000003 0.02578123194444449
1 0.20782272890625003 0.565312104861111 0.019775376562499992 0.03281247916666664
1 0.079941957421875 0.5770308465277777 0.06723628203124998 0.07031245138888893
2 0.35152380234375 0.5301558784722222 0.027685528125000004 0.05156246527777779
1 0.319883199609375 0.5465621166666667 0.06196284921875002 0.051562466666666674
1 0.2480326625 0.5477339909722222 0.03691403593749998 0.058593709722222165
1 0.165635258203125 0.571171475 0.06459956484375 0.10546867777777773
1 0.384482763671875 0.5383589979166667 0.014501942968749982 0.02109373472222218
0 0.42403351796875005 0.5289840041666666 0.01450194218749994 0.03984372222222221