0 0.7462154058593751 0.5120990548611111 0.022420580468750017 0.1473042958333333
0 0.6906513589843749 0.5086330715277777 0.018521349218749972 0.15423626249999994
0 0.8417465746093751 0.5276959798611112 0.026319811718749975 0.13344036250000002
1 0.467907766015625 0.5727537652777778 0.23200426796875 0.40032108888888884
1 0.037042698046875 0.6983956652777777 0.07408539609375 0.3154044944444444
1 0.2003230125 0.54849188125 0.10040520781250002 0.13344036249999994
1 0.25003821210937505 0.5164315347222221 0.07311058828125003 0.09704753611111107
1 0.27928244765625 0.48437118749999997 0.0321686578125 0.0502567611111111
1 0.32071178125 0.5172980298611112 0.07408539687499997 0.10224651250000005
1 0.376275828515625 0.4965021305555556 0.03704269765625003 0.08145061111111115
1 0.6297258683593749 0.49823512152777777 0.023395388281250006 0.03639282638888896
1 0.5887839390625 0.49823512152777777 0.044841160937499944 0.04332479305555555
1 0.5551530683593751 0.5069000798611111 0.022420580468750017 0.032926843055555585
1 0.9694464027343749 0.5034340958333333 0.05946327890624996 0.08491659444444445
1 0.89584841015625 0.5103660631944444 0.037042698437499945 0.04679077638888892
1 0.7934935863281251 0.5216305097222222 0.06238770234375011 0.055455736111111126
1 0.8724530222656248 0.5190310229166667 0.05458923984375001 0.060654709722222186