0 0.47940457421874993 0.63328080625 0.011865226562499932 0.060937456944444475
0 0.642881023828125 0.6321089333333333 0.01713866015625003 0.0773436972222222
0 0.6910011078125 0.6285933104166668 0.015820301562500028 0.06562495416666671
0 0.54664085546875 0.6262495618055556 0.01186522656250002 0.046874968055555556
0 0.532798091796875 0.6274214361111111 0.010546867968749929 0.04453121944444444
0 0.5215920445312501 0.6309370590277779 0.01186522656250002 0.046874968055555556
0 0.658701325390625 0.6309370590277777 0.014501942968750025 0.07499994861111109
0 0.66990737265625 0.6274214368055556 0.015820301562500028 0.0679687041666667
0 0.9876317640625001 0.6543745437499999 0.02373045312500004 0.13124990972222222
1 0.161680183203125 0.6567182916666667 0.04350582890625001 0.08906243888888889
1 0.3291117078125 0.6332808069444444 0.017138659374999986 0.042187469444444445
1 0.443149715625 0.6426558013888889 0.036914037499999976 0.05624996111111105
1 0.47808621484374997 0.6367964305555556 0.03295896093749997 0.04453121944444444
0 0.5631203367187501 0.6239058138888889 0.015820301562500028 0.037499974999999984
1 0.307358793359375 0.6332808076388889 0.021093735156249994 0.03281247638888887
1 0.375913434765625 0.67195265625 0.10283196015625004 0.16640613472222227
1 0.22627974765625 0.6813276500000001 0.11206047031250002 0.1289061611111111
3 0.072600351171875 0.6110151979166667 0.14520070234375 0.37265599305555547