1 0.51985087734375 0.7747301743055556 0.16237469375 0.2597830097222223
1 0.749627233203125 0.7694483256944443 0.25929888671875007 0.28421064305555555
1 0.9140319941406251 0.7683206902777777 0.16966017421875002 0.20674829444444442
1 0.036555294140625 0.7012520395833334 0.06921135703125 0.10173274027777776
1 0.0658224125 0.6901584868055556 0.129695209375 0.11698787916666673
1 0.23639090234375 0.6992621597222222 0.09065712968749999 0.07798462777777779
1 0.327535436328125 0.7001286583333333 0.06238770234375002 0.07625163611111113
1 0.39674679296875 0.6983956638888889 0.04289154531249997 0.07971761944444451
1 0.42355400898437506 0.717458575 0.045815967968750024 0.16636720555555554
1 0.138860508984375 0.6874812263888889 0.04446266640624998 0.11024661111111106
1 0.5840722074218749 0.65211910625 0.029251753906249966 0.04784286805555556