1 0.855492812890625 0.49307330555555556 0.28787404921874993 0.2618389305555555
1 0.07125121796875 0.5168768444444445 0.14058965156249997 0.30264499444444437
1 0.687645983203125 0.4420657229166666 0.15493553359375004 0.1870278069444444
1 0.5987015105468749 0.43101407916666673 0.08798808203124997 0.12411845277777782
1 0.54801272421875 0.44206572222222223 0.03634290312499999 0.06120909999999995
1 0.5217119390624999 0.44036547013888894 0.020084235937499972 0.04420657083333334
1 0.5044968796875 0.44376597500000003 0.01625866718750002 0.03400505555555561
1 0.48776001640625 0.43951534374999995 0.01338949062500001 0.02550379305555555
1 0.47532691835937496 0.4429158493055556 0.009563922656249968 0.02550379305555555
1 0.4475915441406251 0.44376597500000003 0.01530227421874999 0.02380353888888891
1 0.42942009257812497 0.4463163541666667 0.013389489843750014 0.01870278055555556
1 0.402641112109375 0.44801660694444445 0.021040628906250004 0.025503791666666664
0 0.08240912421874999 0.3791563701388889 0.06407827656250001 0.1598237625
0 0.206740109375 0.41316142430555564 0.02773537343749999 0.09521415416666668
5 0.246270987890625 0.4616186291666666 0.10233396328125 0.09861466111111115
1 0.29313420546874996 0.43526471249999993 0.10424674843750004 0.09691441111111117
1 0.350039541796875 0.4327143305555555 0.047819610156250025 0.08161213333333335
1 0.38160048320312495 0.44036546944444444 0.024866196093750004 0.05610834166666668