1 0.43328798046875 0.3527462694444444 0.10213355781250004 0.1940450972222222
1 0.23759696406250003 0.39016925486111115 0.08965923281250002 0.14969193472222225
1 0.5182693390625 0.3624485263888889 0.02884688281250005 0.04158109444444449
1 0.9856668101562501 0.3763088902777778 0.027287592187500032 0.06098560277777779
1 0.607538748828125 0.3492811791666667 0.024948655468750046 0.04851127499999998
1 0.535850359375 0.354825325 0.007016809375000044 0.022176583333333333
1 0.541697700390625 0.3520532513888889 0.004677872656249971 0.013860366666666677
1 0.582629064453125 0.34858816111111113 0.022609717968749977 0.04019505555555551
0 0.9354186609375 0.3721507784722222 0.023389365625000026 0.11504102083333337
0 0.17604395351562502 0.3582904159722223 0.01403361796875 0.05405542083333334
0 0.8317258105468749 0.3589834347222222 0.01403361796875 0.06098560277777775
3 0.56283443125 0.34492507222222224 0.01559290937500002 0.03326487777777779
1 0.5499702808593749 0.35324128958333334 0.00857610234374997 0.01940450972222219
0 0.6524936625000001 0.3525482722222222 0.007796454687499921 0.04573920277777776
1 0.492011546484375 0.34741059027777776 0.024257803906249986 0.04874998333333329