1 0.49757233789062505 0.45762744513888887 0.030421822656249996 0.018721123611111067
1 0.5162934605468751 0.45554731597222226 0.014040841406249971 0.018721123611111147
1 0.52565402421875 0.45242713263888895 0.011700700000000008 0.024961498611111133
1 0.5373547265624999 0.4565873798611111 0.016380984374999928 0.024961498611111133
1 0.55022549296875 0.45658737430555557 0.016380976562500038 0.029121737500000064
1 0.566606477734375 0.45450725694444444 0.025741542968749975 0.04576274166666663
1 0.6958992332031251 0.4274656347222222 0.03627218359375002 0.04160249444444446
1 0.7544027402343749 0.4368262006944445 0.14157848984375 0.06448387638888886
1 0.759668055078125 0.45970756666666673 0.13104785703124994 0.07696461666666662
1 0.3799802859375 0.43890632013888886 0.024571471874999994 0.014560868055555511
1 0.354823778125 0.43786625694444437 0.021061260937500003 0.016640999999999986
1 0.33200740859375 0.44202650833333335 0.015210912499999996 0.016640999999999986
1 0.315626428125 0.4441066256944445 0.017551053125000004 0.020801234722222183
1 0.2992454453125 0.44306656875 0.015210912499999996 0.018721120833333296
1 0.26589844453125 0.43162587847222217 0.025741543749999974 0.0124807375
1 0.27935425078125 0.4451467027777778 0.019891189062500026 0.014560880555555558
1 0.26121816484375 0.44722682291666666 0.016380984374999973 0.018721120833333296
1 0.22845619570312498 0.4451466958333334 0.021061257031250013 0.022881374999999968
1 0.17638808125 0.4409864506944444 0.10413625 0.03952238472222215
1 0.075177008203125 0.45450725833333333 0.09828589453125 0.029121750000000033
1 0.019598676953124998 0.45450725694444444 0.03627218359374999 0.04576274166666663
1 0.441994007421875 0.4607476291666667 0.017551053906250048 0.016641000000000065
1 0.45837498671875 0.45866750486111113 0.012870771874999942 0.016640995833333328
1 0.47124576406250007 0.45866750486111113 0.008190496874999998 0.016640995833333328
1 0.48002128749999995 0.4576274430555556 0.009360562499999947 0.014560872222222245
1 0.63271544140625 0.49090943958333333 0.13455806875 0.18513110416666667
1 0.84742331953125 0.4971498145833334 0.29017740156249994 0.16016960694444443