1 0.374353530859375 0.4404342715277778 0.026669357031249997 0.027449159722222227
1 0.30630736953125004 0.4671427583333333 0.0560842546875 0.03673468333333337
1 0.267933611328125 0.4864284659722222 0.037193869531250014 0.07530610694444444
1 0.23590555664062496 0.49825547569444445 0.05992345546875 0.09896012638888894
1 0.183328028125 0.5181029215277778 0.10974285624999999 0.13412658472222225
1 0.091779312109375 0.5477229590277778 0.15187496640625003 0.1584313625
3 0.404999913671875 0.4206121569444444 0.030994891406250023 0.05693876111111109
1 0.4126030015625 0.4502935701388889 0.035793082812499974 0.047167756944444424
1 0.448276258984375 0.4628926756944445 0.06222278828124992 0.0848428625
1 0.502085729296875 0.4778649465277777 0.10808107265625004 0.13225505138888888
1 0.5511924835937501 0.5416764784722221 0.1518749671875 0.19927149305555558
1 0.847102955859375 0.5569684319444446 0.30459211484375004 0.2570239638888889
1 0.03400046171875 0.5928075319444445 0.0680009234375 0.22177829999999996