0 0.13406137343750002 0.5027811645833333 0.026628628124999998 0.06203144305555557
0 0.16619937343750002 0.5240024472222222 0.026628628124999998 0.0979443833333333
0 0.766261755859375 0.4970677423611111 0.023873944531250045 0.09957678750000001
1 0.5555282945312501 0.48727330277777775 0.013773429687500015 0.021221283333333375
1 0.5339499222656251 0.4872733020833334 0.009182285156250015 0.02775090694444447
1 0.43891326484375004 0.5035973673611112 0.02479217187499998 0.05060459583333328
1 0.42697629257812497 0.5093107881944445 0.021119257031249995 0.048972190277777765
1 0.414121092578125 0.5158404131944445 0.022955713281250033 0.045707379166666666
1 0.09365931640625 0.5378778993055555 0.1331431453125 0.08978235138888885
1 0.338493490234375 0.5468561354166667 0.14967126015625004 0.16324063749999998
1 0.02458811484375 0.5461589576388889 0.0491762296875 0.08488513194444446
1 0.492921809375 0.5082209708333333 0.08814994374999996 0.15507860833333328
1 0.66550704375 0.5457663173611111 0.19925560312500004 0.31831924305555553
1 0.9095054140624999 0.42932287916666667 0.179972803125 0.4178960333333333
1 0.950876701953125 0.4969146895833333 0.09549577421874993 0.39993956250000007