1 0.27901408671874994 0.4886715388888889 0.022412093749999994 0.03984372222222221
1 0.262534605859375 0.48515591666666674 0.010546867968749974 0.03281247777777775
1 0.24935102109375 0.4828121680555556 0.015820301562500028 0.037499974999999984
1 0.24275922851562504 0.48164029374999995 0.01845701796874999 0.0398437236111111
1 0.22957564374999997 0.4804684194444445 0.02109373593749999 0.0515624638888889
1 0.20914108750000002 0.4828121680555556 0.019775376562499992 0.06562495555555559
1 0.173545408984375 0.49218716180555555 0.06723628203125002 0.09374993472222223
4 0.20782272929687498 0.5039059034722222 0.03559567890625002 0.06562495416666662
4 0.126084504296875 0.5203121423611111 0.04877926328125002 0.07499994861111116
1 0.34822790625 0.5296871361111111 0.16611316718749997 0.17812487777777777
0 0.6916602871093749 0.5167965194444445 0.014501942968750025 0.08203119444444443
1 0.8208594171874999 0.5554683680555556 0.3572751453125 0.30468729166666664