1 0.45907616640625 0.52357785 0.016795012499999994 0.027725099999999968
1 0.40929095078125 0.5321086506944445 0.008397506250000042 0.023459698611111118
1 0.39249593828125 0.5374404006944444 0.02279323125000001 0.03412319861111115
1 0.43268400390624995 0.5459712013888889 0.050385037499999986 0.06824640000000007
1 0.37150217265625 0.529975951388889 0.00959715000000001 0.023459700000000003
1 0.362504844140625 0.5395731006944444 0.010796792968750024 0.029857798611111104
1 0.343310544921875 0.5406394513888889 0.032390383593750016 0.044786699999999985
1 0.324716065234375 0.5502366013888889 0.016795011718749996 0.03412319999999996
1 0.3109201625 0.551302951388889 0.02279323125000001 0.05758290000000004
1 0.28332835820312496 0.5566347013888888 0.04198753046874999 0.06398099999999994
1 0.242540469140625 0.5694309020833334 0.06118183203125001 0.08104260138888893
1 0.189156321875 0.5864925013888889 0.09597150000000002 0.106635
1 0.09798339765625 0.6035541020833334 0.1367593875 0.15781980138888885
1 0.038001209375 0.6408763520833334 0.0743779125 0.18127950138888893
1 0.479470110546875 0.5267769027777778 0.028791449218750032 0.05545020000000002
1 0.52025799765625 0.5406394513888889 0.05758289999999997 0.08744070000000002
1 0.691133319921875 0.533398379861111 0.08772182109374996 0.12751524305555553
1 0.6186287855468751 0.5832934513888889 0.15355440078125 0.15142169999999996
1 0.82016893671875 0.5587674027777778 0.22073445000000005 0.20473920277777774