1 0.651936277734375 0.5761945534722221 0.12285736796874999 0.15392923194444444
1 0.48520127773437505 0.5481128687500001 0.07254435078125007 0.10608635972222223
1 0.374629646484375 0.5314718708333334 0.05265315703125002 0.08528511666666666
1 0.44307875234375 0.5366721826388889 0.037442245312499976 0.05408324305555554
1 0.42143245390625 0.5304318090277778 0.02223133281250007 0.03744224583333333
3 0.457704630078125 0.5085905 0.033932035156249984 0.03120186944444438
1 0.009847310546875 0.4680280666666667 0.01933208046875 0.02080124722222223
1 0.05461545664062499 0.4711482534722222 0.05616336796875 0.018721120833333296
1 0.096737983203125 0.4794687520833334 0.04680280703124999 0.022881373611111085
1 0.176302754296875 0.49506968819444447 0.04680280703124999 0.01664099861111118
2 0.19560891132812502 0.48050881388888894 0.05031301640625001 0.024961497222222247
1 0.21784024414062503 0.49818987638888895 0.02925175390625001 0.01040062222222223
1 0.29953493242187496 0.5099909805555555 0.028831307031249986 0.015920166666666645