2 0.029597825 0.4566366729166666 0.05798970156250001 0.4865980180555555
1 0.08932721484374999 0.5081830729166666 0.077706196875 0.09896908750000001
0 0.204726719140625 0.45869852986111115 0.011597939843750016 0.04948454305555556
0 0.256917449609375 0.4617913145833334 0.013917528906249999 0.05979382361111105
0 0.296930344140625 0.4576676006944445 0.012757735156250005 0.07216496250000001
1 0.280693227734375 0.4483892472222222 0.035953614843749995 0.061855677777777784
1 0.30910817968750004 0.4329253270833333 0.027835054687500006 0.05979382361111113
1 0.33404374921875 0.4473583222222222 0.05219072968750003 0.07216495833333335
1 0.36651798125 0.4277706888888889 0.02667526250000001 0.061855680555555556
1 0.3960927296875 0.4277706902777778 0.02783505625 0.04536083333333328
1 0.423927783984375 0.4226160472222222 0.03479381796875005 0.03917526388888888
1 0.455242225390625 0.44220368125 0.05798969921874999 0.0742268152777777
2 0.678502569140625 0.3690077944444444 0.4024485195312499 0.22474230555555558
0 0.762884726171875 0.45446051388888886 0.06322305546875003 0.18946214722222218
0 0.87392786015625 0.38653356805555555 0.020876290625000137 0.14432992222222224
0 0.8884252847656249 0.3906572798611111 0.012757733593750053 0.1195876486111111
0 0.89886343125 0.38137892777777777 0.01739690781249994 0.11752579166666663
0 0.916260341796875 0.37931707291666666 0.022036088281249987 0.11340208194444443
0 0.9759897332031251 0.3597294402777778 0.03711340859375003 0.17731961666666668