1 0.5507864199218749 0.3677384041666667 0.025192519531249947 0.042654000000000004
1 0.45181580937499993 0.3677384055555556 0.016795012499999994 0.025592399999999987
1 0.44341830390625 0.3826673041666666 0.01439572499999997 0.0383886
1 0.423624181640625 0.38160095416666673 0.02759180703124997 0.044786699999999985
1 0.34684698125 0.3805346041666667 0.029991093749999996 0.0383886
1 0.32345392890625 0.37413650555555555 0.02399287499999998 0.03838859999999996
1 0.297061765625 0.3848000055555556 0.01919430000000002 0.025592400000000026
1 0.27846728828125 0.38906540486111113 0.02279323125000001 0.029857798611111104
1 0.5004013828125 0.4199895534722222 0.12356330781249998 0.16421790138888887
1 0.25927298828125 0.39866255347222224 0.017994656250000008 0.04052130138888891
1 0.227482428515625 0.39333080416666666 0.045586463281250024 0.06398100000000002