1 0.38627475 0.3874575527777777 0.03689617968750003 0.057966088888888836
5 0.181629662890625 0.42635585138888893 0.04805083828124999 0.05644066666666663
1 0.28931502421875 0.39966094027777777 0.16560378281250002 0.170847425
1 0.478944223828125 0.38440670694444445 0.02488346953124996 0.04576270277777784
1 0.49953743984375 0.3790677243055556 0.016302962500000007 0.03203389027777774
1 0.52270480859375 0.37296602986111116 0.019735167187500034 0.02593219861111109
1 0.5407238734375 0.36686433541666663 0.01287076093749997 0.016779654166666644
1 0.55445268359375 0.3683897590277777 0.0077224546874999685 0.013728806944444472
1 0.56861052109375 0.37067789375 0.008580507812500037 0.015254229166666673
1 0.582339331640625 0.37296603125000005 0.012012710156249985 0.016779659722222187
1 0.576762002734375 0.37067789375 0.0042902539062500186 0.015254229166666673
1 0.637593540625 0.4225093881944444 0.09849570781249994 0.13722230416666667
1 0.6449770308593751 0.33864400347222223 0.04805083828124994 0.03050846805555558
1 0.43218046171874996 0.36915247222222225 0.06521184999999999 0.12203387499999999
0 0.8208774210937498 0.4530507618055556 0.02574152187499994 0.2105084347222222
0 0.8504801703125 0.450762625 0.03174787656249993 0.2516948666666667
0 0.88168014453125 0.4533558472222222 0.044380884375000026 0.2812880833333333
0 0.9184574457031249 0.4658643208333333 0.036038127343750045 0.2867796055555555
0 0.9510633734375 0.48340669166666667 0.05834744843749995 0.34016942777777776