0 0.38891574687499997 0.5378902534722223 0.023730453124999995 0.046874965277777784
0 0.36914037304687497 0.5402340048611112 0.02900388515625001 0.05156246805555556
1 0.34672827812499996 0.54941368125 0.01845701718749999 0.06054682916666662
1 0.545800406640625 0.5367183861111111 0.02636716796874996 0.039843727777777754
1 0.6308345273437499 0.5496089979166666 0.061962850000000014 0.10781242638888891
1 0.686205580078125 0.570702729861111 0.10415031796874992 0.16406239027777783
1 0.171514284375 0.6343986902777778 0.34302856875 0.4273917027777777
1 0.502953756640625 0.5378902534722222 0.06064448828125002 0.10312492916666668
1 0.7724079847656251 0.6058589590277778 0.21459227578125004 0.19687486249999994
1 0.8846185312499999 0.5695308576388889 0.029003887500000047 0.06796869861111116
1 0.57744100859375 0.5437496256944444 0.04482418749999999 0.06328120972222216
1 0.4382519542968749 0.5364062 0.05364008671875 0.061703630555555514