1 0.011274223828125 0.4100947090277778 0.02254844765625 0.17830204861111112
1 0.44846148828125 0.25853796875 0.011462273437500059 0.022924551388888877
1 0.439864781640625 0.26617948402777775 0.011462274218750058 0.022924548611111106
1 0.43413364414062505 0.2700002423611111 0.01719341015625 0.02547172083333334
1 0.42768611523437505 0.28018892986111105 0.021491764843749993 0.02547172361111111
1 0.4828483109375 0.2572643819444444 0.020058979687500055 0.025471722222222225
1 0.49431058750000006 0.26617948402777775 0.020058981249999962 0.028018893055555535
1 0.5014745070312501 0.28655686180555556 0.025790117187499996 0.03311323472222223
1 0.506489251953125 0.3043870659722222 0.02435733359375005 0.03820758194444447
1 0.38226685859375 0.3183965125 0.025790117187499996 0.05603778611111111
1 0.36149148515625 0.3247644430555556 0.032954040625 0.05349061388888888
1 0.32237646875000003 0.32985878541666663 0.05158023437499999 0.07386798750000002
1 0.28010933046875 0.3476889923611111 0.055878587499999986 0.0789623375
1 0.5850058578125 0.33495313402777777 0.04155074531250005 0.09424536805555554
1 0.615094328125 0.34514181944444444 0.07593756875000005 0.1299057777777778
1 0.6864469703125 0.35660409583333336 0.1303833703125 0.16811335833333332
1 0.21276846953125 0.34768899166666667 0.1045932546875 0.12481143333333336
1 0.5324226566406249 0.3234908569444444 0.045849097656250046 0.05603778611111111
1 0.4142179515625 0.30056630763888886 0.030088470312499994 0.04075475416666667
1 0.834238662109375 0.41837301736111115 0.28512407734374995 0.2598115541666667
1 0.10278436835937499 0.3183965125 0.07450478359374998 0.11207557222222223