1 0.8743724164062499 0.6070839541666667 0.15982732500000002 0.1718685166666667
1 0.6654274250000001 0.5966886784722222 0.08030348437499998 0.1316734541666666
1 0.590191636328125 0.5897584993055555 0.031185819531250037 0.040195056944444474
1 0.41983909648437495 0.5862934104166666 0.038202628906249994 0.03326487916666668
1 0.36838249453125 0.5987677368055556 0.05847341250000002 0.05544145694444443
1 0.141505656640625 0.60846999375 0.09901497734375 0.07484597083333332
1 0.7168840281250001 0.5994607527777778 0.042880503124999955 0.0790040722222222
1 0.6174792269531251 0.5828283180555556 0.020270780468749992 0.04296713055555554
2 0.48421807734375 0.5685171256944445 0.06381447343749995 0.06604536527777777
1 0.29158741367187496 0.6001537722222222 0.09511674921874999 0.08316218611111113
1 0.21362286406250003 0.6063909361111111 0.04833802031250001 0.0595995666666667
1 0.046388907421875 0.5835213340277778 0.08965923359375 0.19404509583333332
1 0.550819538671875 0.5800562444444444 0.010135391406249994 0.018018472222222214
3 0.60500490078125 0.5592656965277778 0.018711493749999964 0.023562615277777768