0 0.565227783984375 0.3638540951388889 0.009563921093750061 0.040806068055555596
0 0.5303194687499999 0.3621538388888889 0.004781960937499985 0.04420656944444441
0 0.523146526953125 0.3630039666666667 0.007651138281249992 0.04590682500000002
1 0.55709845078125 0.3553528298611111 0.01434588437500004 0.02040303472222224
1 0.6743521679687501 0.3494019458333334 0.029648157812499944 0.022103286111111113
1 0.7116514625000001 0.38510725416666663 0.07364220000000002 0.09351390277777775
1 0.5122436632812499 0.3613037180555555 0.00956392187499997 0.01530228055555555
1 0.49694138671875 0.3647042208333333 0.02677898281250002 0.04250631944444447
1 0.48785566171875 0.3749057402777778 0.02773537499999996 0.04250632500000005
1 0.46337201640625 0.37915637222222226 0.04303764843749995 0.06460960555555559
1 0.43420205390624994 0.3987092784722222 0.04399404062499999 0.08331238472222222
1 0.40264111171875 0.41401155277777774 0.078424159375 0.10031491666666667
1 0.31532250117187505 0.44971686180555553 0.17693255390625 0.18532755138888887
1 0.626118105859375 0.39332514444444444 0.09563921953124996 0.11561718888888887
1 0.7844010140625001 0.40522691666666666 0.1386768703125001 0.11901769444444446
0 0.96898470625 0.3907747680555556 0.05833992343750012 0.27034018888888883
1 0.974372380078125 0.4743705270833333 0.04973239453125 0.18702780972222224