1 0.41536887734374994 0.5837748652777778 0.04780242187499999 0.0728417833333334
1 0.48570672773437507 0.5740626284722222 0.03824193828124996 0.07284178472222219
1 0.45770816640625006 0.5638300979166666 0.015023617187500005 0.020465059722222238
0 0.22211051640625 0.5764906881944444 0.016389401562499996 0.11169073750000007
0 0.72403594375 0.6019853125000001 0.03141302031250008 0.1238310361111111
0 0.8298841628906249 0.6007712833333334 0.024584102343750126 0.12625909444444441
0 0.9200258722656252 0.5922730743055555 0.02731566953124993 0.08498208194444443
0 0.558776143359375 0.5789187465277779 0.012292052343750016 0.058273426388888876
0 0.532143364453125 0.5679924798611111 0.0054631335937499696 0.0364208930555555
0 0.53965517421875 0.5667784493055555 0.009560484375000034 0.0388489513888889
0 0.246694618359375 0.5546381520833333 0.008194700781249998 0.029136715277777763
0 0.275376072265625 0.5558521819444444 0.005463133593750014 0.026708655555555558
4 0.674184846875 0.6541885930555557 0.04097350468750003 0.09226626111111114
1 0.50977868203125 0.5591474159722222 0.02185253593750005 0.0471737319444445
0 0.5731168699218749 0.5594942715277779 0.008194700781250041 0.04370507083333332