1 0.45087859609375 0.46992153541666665 0.01054686718750002 0.02109373472222226
1 0.43637665312500007 0.4664059118055555 0.018457018749999943 0.02343748472222226
1 0.423193069140625 0.46289028888888895 0.02373045234375004 0.035156224999999985
1 0.41923799335937506 0.46992153402777775 0.01582030078125003 0.03515622638888895
1 0.394848361328125 0.47912911319444446 0.04877926484375004 0.07767852638888889
1 0.46735807734375 0.4602117118055555 0.03032224531250005 0.0398437236111111
3 0.5055904722656249 0.4515063756944444 0.030322244531250053 0.06796870416666663
0 0.13183584765625 0.5671870902777778 0.06855464218749999 0.26249981944444445
0 0.193798694921875 0.5437496083333334 0.060644489843749996 0.26718731666666673
1 0.549755481640625 0.4746090298611111 0.02373045234375004 0.02578123194444449
1 0.580077726171875 0.47460903055555553 0.03164060390624997 0.04921871666666659
1 0.594108831640625 0.4781246534722222 0.030322244531249966 0.04218747083333333
1 0.6224535390625 0.4769527784722222 0.04746090468749999 0.05390621249999994
1 0.6514574246093751 0.4898433958333333 0.05273433828125 0.06562495555555559
1 0.6877122828125 0.4980465152777777 0.06987299843750003 0.0773436944444445
1 0.7457200558593751 0.5106023013888888 0.11469718671875011 0.09843743333333327
1 0.027026348437499997 0.8367181569444445 0.05405269687499999 0.3234372777777778