1 0.3192240203125 0.5617964812499999 0.03691403750000002 0.039843720833333325
1 0.476108677734375 0.5477339909722223 0.02373045234374995 0.039843720833333325
1 0.490610620703125 0.5559371111111111 0.026367169531249957 0.05624996111111105
1 0.4642434515625 0.5078902673611111 0.015820301562500028 0.02578123194444449
1 0.4431497160156249 0.5078902673611111 0.018457019531250028 0.02578123194444449
1 0.40887239570312506 0.5067183944444444 0.02373045234375004 0.032812477777777835
1 0.433921205859375 0.5477339909722223 0.029003886718749962 0.039843720833333325
1 0.364707386328125 0.5524214881944445 0.05668941328124997 0.06328120694444439
1 0.520932865234375 0.5641402298611111 0.05800777265625001 0.08671869027777777
1 0.637607590234375 0.6039839527777778 0.16479480703125002 0.19921861388888892
1 0.271763114453125 0.571171475 0.07119135703125004 0.07734369722222227