1 0.444440087890625 0.43729205 0.01765987265624993 0.03139532500000004
1 0.401551827734375 0.43504952708333333 0.020182710156249995 0.03139532638888893
1 0.38962448710937503 0.4281733506944444 0.016286164843750006 0.01700787916666668
1 0.4646227984375 0.4414033402777778 0.022705548437500056 0.033637849999999976
1 0.4223652484375 0.4357970326388888 0.02396696874999993 0.0358803736111111
1 0.53526228203125 0.47279866666666664 0.11352774375000001 0.16818925277777774
1 0.824127320703125 0.40103791944444445 0.19173574609374996 0.13679392499999998
1 0.12889888124999999 0.4825985590277778 0.121468984375 0.10629924305555558
1 0.262795697265625 0.5019514708333334 0.16398451953124998 0.16818925000000004
1 0.9565763558593752 0.37786518125 0.08325367890624999 0.1143686902777778
1 0.0484325921875 0.4964174604166667 0.080123053125 0.11055121249999994
1 0.37131653984375 0.4356142972222222 0.010762798437500009 0.019133863888888904