1 0.427807322265625 0.6058589395833334 0.01713866015624994 0.02578123194444449
1 0.41330538046875 0.6070308152777778 0.019775376562500037 0.032812477777777835
1 0.40209933359375 0.6058589409722223 0.013183584374999979 0.039843720833333325
1 0.385619852734375 0.6082026909722222 0.02768552890625 0.04453122083333333
1 0.4469235203125 0.6046870680555555 0.018457018750000033 0.028124983333333374
1 0.46142546445312504 0.6046870680555555 0.010546866406250022 0.028124983333333374
1 0.4719723316406251 0.6046870680555555 0.010546867968750017 0.028124983333333374
1 0.4917477101562501 0.6070308152777778 0.010546868749999928 0.032812477777777835
1 0.50493129453125 0.6105464375 0.015820303125000025 0.053906213888888825
1 0.526684209375 0.6035151916666667 0.02768552812499996 0.0773436972222222
1 0.5675533203125 0.6046870673611111 0.07778314999999995 0.1218749180555556
1 0.226757656640625 0.6093745625 0.10546867734375001 0.09843743055555557
5 0.353602889453125 0.609435495138889 0.03860038359375002 0.04242142916666667
1 0.48168598085937503 0.5969586048611111 0.007018250781250046 0.01247689027777778