0 0.06317396875 0.5250725395833333 0.027457621874999998 0.07169490138888884
4 0.12624069375 0.5876149006944444 0.03689617968749999 0.09305082916666668
4 0.074328627734375 0.5677843958333333 0.029173724218749995 0.0655932083333333
4 0.20548781054687498 0.5408715638888889 0.03407688359374998 0.05142855277777774
0 0.17557860859375002 0.5315011020833333 0.013728810937500002 0.0915254069444444
0 0.682870444921875 0.5231112729166666 0.016302963281250006 0.06864405416666668
0 0.70217658515625 0.5192977152777778 0.01887711562500005 0.07627117499999995
0 0.77983017265625 0.52692483125 0.0163029640625 0.10372879305555556
0 0.7931299578125001 0.5292129659722222 0.01716101406250008 0.08999998194444443
0 0.72877615625 0.5368400826388888 0.027457621875000005 0.10220336805555551
4 0.2521290015625 0.5353146590277778 0.019735167187500034 0.04118643194444442
1 0.41197157109375004 0.5157020770833334 0.00943855625000003 0.019830504166666665
1 0.404678140625 0.5179902125 0.01716101249999995 0.024406775000000006
1 0.38708810195312504 0.5218037715277778 0.016302963281250006 0.04423727916666667
1 0.378078569921875 0.5256173305555556 0.02230931796875 0.05186439722222218
1 0.36563683476562503 0.5279054652777778 0.03003177421875001 0.05338981944444446
1 0.344185567578125 0.5332444472222223 0.042044483593749994 0.07016947777777784
1 0.315869895703125 0.5454478354166666 0.06778600546874998 0.08237286527777772
1 0.44243237109375 0.5172275013888888 0.010296607812500014 0.01983050555555555
1 0.4527289796874999 0.514939363888889 0.013728810937500047 0.030508463888888886
1 0.45530313125 0.5202783472222222 0.008580506250000041 0.01983050277777778
1 0.46817389140625 0.517227501388889 0.027457621875000005 0.04423728055555556
1 0.56041434140625 0.4996851319444444 0.06263770156250006 0.09457625277777776
1 0.5908751390625 0.5347698694444445 0.05319914218749995 0.070169475
1 0.642296903515625 0.5487166034722223 0.09009532265625006 0.08847455972222222
1 0.516163453125 0.5334623680555555 0.08151481718750002 0.11898302777777785
1 0.9553015378906249 0.5815132055555556 0.0652118539062501 0.30966095555555556
1 0.42717134101562504 0.5227844034722223 0.028315672656249992 0.04576270138888887