1 0.045664637890625 0.5383589965277779 0.04877926484375 0.0398437236111111
1 0.092466363671875 0.5301558784722222 0.05273433984375 0.0374999736111111
1 0.138608909765625 0.5242965076388889 0.05273433984375 0.04921871527777778
1 0.21507370039062498 0.5172652618055555 0.03691403671875002 0.03046872916666664
1 0.261216247265625 0.5207808847222222 0.029003886718750004 0.03281247777777775
1 0.46688016875000005 0.5032027722222222 0.010546868750000016 0.021093736111111146
1 0.45897001679687505 0.5114058909722222 0.01582030078125003 0.01874998750000003
1 0.47874539453125 0.5043746451388889 0.013183584374999936 0.02812497916666672
1 0.48665554531250005 0.5172652618055555 0.018457018749999943 0.03046872916666664
1 0.511045176171875 0.5102340180555556 0.04877926328125 0.06796870555555551
1 0.530161374609375 0.5266402548611111 0.042187471093749984 0.06328120694444447
1 0.44051299882812495 0.5102340166666667 0.021093735156250036 0.030468730555555604
1 0.4154641875 0.5102340166666667 0.018457018750000033 0.030468730555555604
1 0.5716896667968749 0.5324996263888888 0.07514643203125004 0.08437494166666673
1 0.31658730234375 0.5242965076388889 0.0500976203125 0.0679687041666667