3 0.08416855703125001 0.38819014722222217 0.1670170734375 0.7417204611111111
3 0.970918757421875 0.6282929916666666 0.052639622656249864 0.34469837222222216
3 0.25052561640625004 0.4742620784722222 0.17546541250000003 0.2634147402777778
3 0.356454740625 0.49419148263888896 0.044841159375000036 0.15423626249999994
3 0.39885888203125 0.5089219111111111 0.043866353125 0.1109114694444444
3 0.640286296875 0.46213113680555556 0.119901365625 0.09704753750000003
3 0.57010013046875 0.4863930194444445 0.028269426562500043 0.03812581666666664
3 0.53598185703125 0.5210528541666667 0.032168659375 0.06585368611111109
1 0.7115122554687501 0.5562903458333334 0.119901365625 0.16290122222222223
1 0.452798244921875 0.5002569527777777 0.06141289453124994 0.017329916666666632
1 0.45523526445312495 0.5666882944444445 0.08773270546875 0.1109114694444444
1 0.59950682578125 0.6316754847222221 0.1910623375 0.25474978611111104
1 0.509012168359375 0.551380211111111 0.016571733593749992 0.043324794444444516