1 0.34130324140625 0.3836730020833334 0.006123992187499994 0.014969759722222165
1 0.33288275078125 0.3850338902777778 0.009185989062499988 0.02041330833333335
1 0.322165763671875 0.3863947763888889 0.013778983593749983 0.03130040555555548
1 0.315276271484375 0.39524054583333335 0.024495971093749968 0.024495972222222266
1 0.299200790625 0.40340586944444445 0.0352129578125 0.05715726666666667
1 0.37039220625 0.3829925576388889 0.009185989062500033 0.02177419583333331
1 0.378047196875 0.3897969965277778 0.009185989062499988 0.02449597083333338
1 0.38952968437499996 0.3931992138888889 0.01837197812500002 0.03130040555555556
1 0.41861864843749996 0.3904774381944444 0.05052293906250003 0.08301412361111113
1 0.42244614375000006 0.4068080861111111 0.04286794843750004 0.07757057500000002
1 0.43928712500000006 0.41429296666666665 0.03368195937499996 0.0898185583333333
1 0.4507696109375 0.4163342986111111 0.035212959375 0.12111896666666663
1 0.5197738828125 0.42833926944444445 0.1171213609375 0.17079135277777777
1 0.629821852734375 0.49639692222222226 0.21394204453125001 0.23750140833333333
1 0.819658162890625 0.6409779062500001 0.35863634765625 0.4558972375000001
1 0.180344617578125 0.5197017125 0.26423639453125 0.3900617388888888
1 0.044781696484375 0.4742692131944445 0.08879789453125 0.19460687638888885
0 0.34651591953125005 0.3971522701388889 0.009185989062500033 0.03946572916666674
0 0.353383083984375 0.3997393743055555 0.006889491406250015 0.03338426805555557