1 0.5106326011718749 0.6787399347222222 0.02103532890625006 0.024307488888888902
1 0.517994965625 0.6852842597222223 0.023138859375000022 0.029916911111111152
1 0.5385044117187501 0.6815446458333333 0.03681182500000002 0.04113575277777773
1 0.41439597304687503 0.6852842604166666 0.022087094531249997 0.03739614027777781
1 0.405981841796875 0.6824795493055555 0.017880028906249956 0.03926594583333332
1 0.38599827929687497 0.6965031013888888 0.01788002890625 0.048614983333333264
1 0.3660147171875 0.6946332937499999 0.03050122656250003 0.05609420694444446
1 0.3533935203125 0.6974380069444445 0.030501226562499983 0.057964016666666715
1 0.3292028921875 0.7049172319444443 0.03050122812499998 0.0654432444444444
1 0.29554636640625 0.7095917506944444 0.0536400875 0.0860111208333333
1 0.24742805273437501 0.7236153034722221 0.08677073203124999 0.12153745416666663
1 0.11096135859374998 0.7254851118055555 0.1882661921875 0.2150278041666666
1 0.466984294921875 0.7133313652777777 0.10412487734375002 0.13088648888888887
1 0.012621197265625 0.74792279375 0.02524239453125 0.2561635569444445
1 0.9476137421874998 0.7997756812500001 0.10418049531250002 0.21315798194444452
2 0.7246670695312499 0.6076872708333333 0.34182408906249995 0.577770361111111