1 0.11623306015624998 0.4045842618055556 0.23246612031249997 0.32657958472222226
0 0.004887474609375 0.22569353333333333 0.00819049140625 0.027041619444444442
0 0.036479368750000005 0.22569353472222223 0.015210910937499999 0.0228813722222222
1 0.23714640273437498 0.3671420159722222 0.10062603359375 0.16849010138888892
1 0.28921452578125 0.34218051944444444 0.08541512343750002 0.13936835833333333
1 0.3289969109375 0.34842089375 0.015210912499999996 0.06032361805555553
1 0.35122824374999995 0.3567413930555555 0.02457147343749999 0.04368261944444443
1 0.40144155546875 0.3661019541666667 0.03607276406250004 0.04160249444444446
1 0.6829441882812499 0.4451466930555556 0.1146689796875 0.12480748055555553
1 0.536684365625 0.4097845736111111 0.07254435 0.08736523888888886
1 0.47233050546875 0.38690320208333334 0.04446266406249997 0.05824349305555556
1 0.60454843515625 0.42330538472222223 0.04914294687500007 0.06448386666666674
1 0.58758241796875 0.4045842618055556 0.024571473437499946 0.052003118055555575
1 0.43722840156250004 0.3650618909722222 0.011700701562500004 0.01456087083333336
1 0.45068420859374997 0.3723423284722222 0.010530632812500062 0.012480748611111083