0 0.12891491210937497 0.48882931388888884 0.019891191406249998 0.0998459888888889
1 0.026722694140624996 0.6073964236111111 0.05344538828124999 0.2412944722222222
1 0.8533772660156249 0.6136367986111111 0.28862948984375 0.45762744166666675
1 0.297405015625 0.4971498118055555 0.04563273593749999 0.09568573472222223
1 0.5255686984375 0.5085904993055556 0.010530631249999978 0.03536211805555559
1 0.544289820703125 0.5189911208333333 0.02925175234375006 0.03536211666666671
1 0.40329636562500004 0.6427585437500001 0.2878372609375 0.4368261958333333
1 0.708360478515625 0.5356321201388888 0.011700702343750003 0.022881370833333393
1 0.72181628515625 0.5335519944444445 0.015210910937499999 0.027041622222222214
1 0.6486869015625001 0.5293917472222223 0.03042182500000008 0.03120186944444438
1 0.6153399015625001 0.5252314986111112 0.01989119062500002 0.0228813722222222
0 0.24091744804687504 0.4782206798611111 0.008190491406249967 0.0395223708333333
0 0.21751604374999997 0.4761405597222222 0.010530631250000023 0.07280436944444446
0 0.1718833078125 0.4615796805555555 0.008190492187499987 0.035362119444444395
1 0.579477250390625 0.5252314958333334 0.02340140234375001 0.03120187222222223