1 0.07665457734375 0.5424978541666666 0.151601965625 0.16996416666666664
1 0.177722554296875 0.5315715868055555 0.08058122578125 0.11411879861111109
1 0.2876681234375 0.5072909916666666 0.057362906250000026 0.06070148888888893
1 0.324544277734375 0.5024348715277778 0.03277880390624999 0.050989248611111135
1 0.34366524648437496 0.5024348722222223 0.01912096953125002 0.04127701111111111
1 0.357323080859375 0.5000068145833333 0.019120971093750015 0.041277012499999995
1 0.372346699609375 0.50122084375 0.019120967968750024 0.03399283749999995
1 0.386687424609375 0.50122084375 0.017755185156249985 0.03399283749999995
1 0.3969308015625 0.4963647229166667 0.016389400000000044 0.029136712499999995
1 0.40785706874999994 0.5036489020833333 0.01365783437500001 0.019424479166666706
1 0.41673466093750006 0.5036489020833333 0.012292051562500017 0.019424479166666706
1 0.61818772265625 0.5024348729166667 0.07375230781250001 0.07041372638888896
1 0.45139143828124995 0.5068574215277778 0.01502361875 0.01699641527777784
1 0.57704351796875 0.5226398090277777 0.11062846093749998 0.10683462083333334
1 0.4739268656249999 0.5032153347222222 0.010926267187500028 0.033992838888888835
1 0.482804458203125 0.5044293638888888 0.028681452343750014 0.04127701388888888
0 0.46163481445312493 0.5020013048611112 0.0054631335937499696 0.0267086513888889