1 0.9136772011718749 0.6208236784722222 0.17100168203125002 0.21918223749999993
1 0.778871468359375 0.5432929062499999 0.18131425859375003 0.17156618194444442
1 0.653608661328125 0.5198975180555555 0.09065713046874997 0.10397950277777773
1 0.5999942292968751 0.497368625 0.06921135703124995 0.0866495861111111
0 0.5605145113281249 0.4809052041666667 0.009748078906250068 0.06065471111111115
1 0.486429114453125 0.46617477430555554 0.040941928906249994 0.04159180138888882
2 0.447924205859375 0.4393134027777778 0.04776558515625 0.06758667777777781
1 0.28025725546875 0.4540438326388889 0.026319810937499976 0.0415918013888889
1 0.24760119257812502 0.4462453694444444 0.023395388281250006 0.03985880833333329
1 0.219153933203125 0.44085553611111106 0.03349912890625002 0.052315708333333315
1 0.33338428320312496 0.4393134027777778 0.011697694531250002 0.022528891666666655
1 0.293904565625 0.43584741875 0.014622117187499973 0.025994876388888914
1 0.30608966367187496 0.4341144270833333 0.007798463281250001 0.019062909722222167
1 0.316325145703125 0.4427793854166667 0.022420580468750017 0.03639282638888888
1 0.384561694921875 0.4540438326388889 0.024370196093749998 0.0415918013888889
1 0.34459457382812503 0.4471118652777778 0.020470964843749995 0.027727866666666677
1 0.366137825 0.44364588194444443 0.016376773437499992 0.02079590000000001
1 0.2663175 0.43844690624999993 0.015596925000000006 0.031193851388888937
1 0.420824544140625 0.4427793861111111 0.012672502343749947 0.0329268416666667