1 0.6652931183593751 0.5840620979166666 0.20170884609375 0.17437487916666666
1 0.39239291523437503 0.5285152611111111 0.05405269765625005 0.05390621111111113
1 0.355478878125 0.5402340048611111 0.02241209531249999 0.07265620138888886
1 0.2546244546875 0.5296871368055556 0.013183584374999979 0.03281247916666664
2 0.227598105859375 0.5121090243055556 0.05141597890625001 0.08671869027777777
1 0.304722076171875 0.5707027340277777 0.10810539296875002 0.18515612361111103
2 0.135313013671875 0.5220458951388889 0.07778314921875 0.13715740416666666
1 0.056780049218749996 0.582421475 0.11356009843749999 0.15703114166666662
1 0.012615040625 0.7617182263888888 0.02523008125 0.26249981944444445
1 0.198594219921875 0.5683589833333333 0.08041986640624998 0.09609368333333326
1 0.11619681562499999 0.5671871104166666 0.026367168750000003 0.07499994861111116
0 0.48929652343749996 0.5325119333333334 0.010530631250000066 0.04992299444444449