1 0.46635054609375004 0.24559317430555558 0.007722456250000054 0.012203387500000003
1 0.464634445703125 0.24940673263888888 0.009438557031250027 0.013728809722222242
1 0.4624893191406249 0.25474571458333334 0.010296608593750011 0.015254234722222215
1 0.44661538125 0.2654236777777778 0.01973516562499995 0.027457619444444446
1 0.429025342578125 0.27457621875 0.024025417968750063 0.03966100972222222
1 0.416583606640625 0.2844914715277778 0.02145126796875001 0.050338973611111136
1 0.40028064375000005 0.28983045347222225 0.030031775000000004 0.06101693750000001
1 0.369819844921875 0.3020338402777778 0.04290253359374998 0.11288133333333335
1 0.498956473046875 0.2638982548611111 0.01115465859375 0.021355929166666638
1 0.503246726171875 0.2669491013888889 0.007722455468749967 0.02135592777777779
1 0.508395030859375 0.26923723611111117 0.01115465859375 0.03203389166666667
1 0.521265790625 0.27228808541666666 0.023167368749999983 0.04728812638888888
1 0.549581464453125 0.2783897777777778 0.05405719296875002 0.07779659444444446
1 0.6310104683593749 0.27076266111111114 0.044618635156249996 0.04728812777777781
1 0.67820325625 0.2684745263888889 0.08408896718749999 0.06711863055555559
1 0.29122240312500003 0.31042366944444444 0.135572009375 0.18152538888888886
1 0.107524469921875 0.4131718326388889 0.21504893984375 0.3813558597222223