1 0.461425463671875 0.3816403583333334 0.018457017968750034 0.025781233333333296
1 0.44692352109375 0.38398410763888885 0.015820301562500028 0.02578123194444441
1 0.44296844609374997 0.4097653409722222 0.015820303125000025 0.0398437236111111
1 0.42912568125000006 0.40507784444444445 0.02768552812499996 0.039843722222222294
1 0.421874710546875 0.41679658611111103 0.03691403828124997 0.04921871666666667
1 0.38825656875000003 0.4226559576388889 0.040869112499999985 0.09374993472222223
1 0.37045872968750004 0.4238278305555555 0.03691403750000002 0.10078118055555549
1 0.326293720703125 0.3874997298611111 0.07778314921875 0.03281247638888887
1 0.33420387187499995 0.4484371888888889 0.0751464328125 0.1171874194444445
1 0.179955930859375 0.4371090743055555 0.25444318515625 0.2882810513888889
1 0.039550753515624995 0.5980464763888889 0.07910150703124999 0.18984362222222223
1 0.502074863671875 0.42734345347222225 0.08833001796875006 0.1593748902777778
1 0.547118764453125 0.40234347500000006 0.026367169531249957 0.028124980555555526
1 0.6049068242187501 0.42343720972222215 0.04614254687499999 0.06562495555555559
1 0.6378657859375 0.43398407777777775 0.06987299843749994 0.07734369722222227
1 0.7620111949218751 0.4499996895833333 0.16347645078125 0.1734373819444444
1 0.9676751156249999 0.5574214993055555 0.06328120624999993 0.1992186152777778
0 0.6679683183593751 0.4003903465277778 0.021093735156250036 0.06328120972222216