1 0.39847873789062505 0.6167287013888889 0.01544491171875002 0.01983050555555555
1 0.35557620234375 0.625118532638889 0.02059321562500003 0.021355926388888946
1 0.22663262421874997 0.6380628409722222 0.054057193749999975 0.06406778194444446
1 0.103931376171875 0.6933049638888888 0.20679021484375001 0.24864401666666663
1 0.508824057421875 0.6113897409722223 0.010296608593750011 0.015254234722222215
1 0.518691638671875 0.6129151645833334 0.009438555468749943 0.021355929166666638
1 0.53199142421875 0.6144405909722223 0.01544491249999993 0.018305081944444464
1 0.544433159765625 0.6144405909722223 0.009438558593750025 0.018305081944444464
1 0.5560168429687501 0.6136778763888889 0.015444912500000019 0.022881352777777725
1 0.576610059765625 0.6029999159722222 0.027457622656250003 0.03813559027777779
1 0.58132933828125 0.60986431875 0.03689617968750003 0.042711856944444467
1 0.5920549726562501 0.6052880506944445 0.037754229687500016 0.04576270138888887
1 0.61650941796875 0.6014744902777778 0.03003177500000005 0.056440669444444404
1 0.66155707734375 0.6022372013888889 0.07550845781250004 0.057966091666666685
1 0.7564503632812499 0.6094765486111111 0.036272176562499946 0.07488449166666673
1 0.97349837890625 0.6448386715277777 0.037442245312499976 0.05824349583333333
1 0.9103145906249999 0.6136367979166667 0.0889253343750001 0.07904473750000002
1 0.850055975390625 0.6157169229166666 0.04095245546875006 0.04576274305555559