1 0.45519474921874997 0.4999209631944445 0.015949539062500052 0.0173278930555555
1 0.4339286984375 0.5014962277777777 0.02126605156250001 0.02362894722222227
1 0.48886599453125 0.4873188631944444 0.026582562499999973 0.029929998611111112
1 0.5372065953125 0.49898916111111113 0.047848612499999985 0.05040841666666667
1 0.6622048656249999 0.52582278125 0.10810242187499997 0.15752630138888893
1 0.71331720859375 0.5718204604166667 0.19316662343749993 0.26464417916666666
0 0.905418198828125 0.4979486777777778 0.031899074218750025 0.15437576944444445
0 0.787286898828125 0.4725788923611111 0.03898775859374996 0.12917156527777773
0 0.9029210472656249 0.12917156527777776 0.10367199453125 0.14492419444444443
1 0.018102425 0.5102363618055555 0.033484260937499996 0.02551181805555558
0 0.59630386484375 0.4751576118055556 0.015546264062500014 0.057401590277777755
1 0.5064494515625 0.4964174604166667 0.010762798437500009 0.01700787916666668
1 0.34935743828125 0.6165356041666666 0.009566931250000011 0.008503938888888897