0 0.13025234023437499 0.44895034236111114 0.05269131484375 0.20571424305555558
0 0.40586087734375004 0.4714284659722222 0.03409438124999999 0.12489793194444446
0 0.33612237265625 0.5020407097222223 0.06612243437500002 0.3673468611111111
0 0.434961641796875 0.4472448013888889 0.005165814843749938 0.04775509166666667
0 0.585921110546875 0.46254533680555554 0.010926267968749936 0.03156477361111109
0 0.60026183671875 0.4682108104166667 0.009560484374999945 0.0364208930555555
0 0.610254977734375 0.4668366451388889 0.004132652343749932 0.03489795138888891
0 0.6381503796875 0.47234684791666665 0.0041326515625000225 0.04591835694444445
0 0.70461719765625 0.48153052083333336 0.014464282812499984 0.053265297222222174
0 0.7257970406250001 0.4806121527777778 0.007232142187499946 0.04775509166666667
0 0.9038455140625 0.5127550034722222 0.01963009843750001 0.10836732361111111
0 0.66445366015625 0.5018036194444444 0.04507085468750001 0.18292312500000002
0 0.44780238476562495 0.49040806111111107 0.03306121796874999 0.15795915277777778
0 0.486431958203125 0.5114731055555555 0.07645406640624994 0.31959176944444445
1 0.950032162890625 0.6391835388888888 0.09711732578125006 0.36734686388888876
1 0.55109363203125 0.45161906875 0.04780242187499999 0.0437050708333334
0 0.682891737109375 0.50260831875 0.010926267968750025 0.17482028472222225
4 0.485536025390625 0.6033727881944445 0.05326555546874996 0.14811162916666668