1 0.476425751953125 0.48258894097222227 0.024571474218750035 0.020801248611111114
1 0.4840312078125001 0.5065103729166667 0.028081684375000027 0.039522370833333376
1 0.45572266875 0.5080016291666667 0.028269429687500035 0.05498562777777778
1 0.41356900156250004 0.5148308722222222 0.05798751718749999 0.060323619444444414
1 0.317881244140625 0.5158709375 0.02340140234375001 0.0665639944444444
1 0.355908525390625 0.5158709354166666 0.06903413984375 0.0956857375
2 0.5428698949218751 0.4737484111111111 0.09427597265625005 0.16536991666666662
1 0.8584536625 0.5678740555555556 0.2808168406250001 0.4534671972222223
1 0.642076004296875 0.5148308743055556 0.06201371953125001 0.07072424027777775
1 0.713450284375 0.5522731194444445 0.07839470156249995 0.10816648888888886
0 0.025449026562499998 0.5345920576388888 0.03393203593750001 0.14768885694444447
0 0.182823464453125 0.5293917472222223 0.009360561718749993 0.05408324444444443
0 0.19252454960937498 0.5346279472222223 0.00877327109374999 0.06412069444444445