1 0.06640148203124999 0.5917954888888889 0.1298777890625 0.12064723611111114
1 0.14538121796875 0.5980358618055556 0.074884490625 0.07488449027777777
1 0.41976267187500005 0.5699541791666667 0.04446266562500001 0.06448386666666665
1 0.527994162890625 0.5470728055555556 0.02223133359374998 0.05200311944444446
1 0.480021286328125 0.6001159875 0.10179610546875004 0.14976898055555554
1 0.601708583203125 0.54603274375 0.03159189453125002 0.03744224305555556
1 0.557830951953125 0.5408324326388888 0.028081683593750028 0.031201870833333346
1 0.9743171937499999 0.6396383597222223 0.05136561250000007 0.24545471944444444
0 0.231381374609375 0.6063563618055555 0.043292596093750024 0.21633297361111115
4 0.711110144140625 0.5876352402777778 0.06669400078124994 0.06240374444444446
0 0.88601633984375 0.6041140527777777 0.04522920468749998 0.20948263055555555