1 0.13652036875 0.6084364847222222 0.147428840625 0.0686441138888889
1 0.512697928515625 0.5803548027777777 0.012870771093749945 0.02080124722222223
1 0.498072049609375 0.5897153631944444 0.018721122656249988 0.0270416236111111
1 0.47525568242187505 0.5928355513888889 0.026911614843749997 0.045762744444444475
1 0.45828966484375 0.5907554263888889 0.00936056093750004 0.024961497222222167
1 0.44834406757812506 0.5886753027777778 0.015210911718749998 0.033281997222222276
1 0.43137805039062493 0.5949156756944445 0.023401403906250007 0.04160249583333334
1 0.402126294921875 0.5886753013888889 0.018721122656249988 0.045762744444444475
1 0.3740446125 0.5928355513888889 0.0421225265625 0.045762744444444475
1 0.682547021875 0.592488870138889 0.035894334375 0.028428384722222214
1 0.76309294140625 0.6385982958333334 0.09009540312499995 0.08736523888888886
1 0.980719905078125 0.6510790451388888 0.03628435078124994 0.06656399305555559
1 0.98599130859375 0.7426045340277778 0.02574154375000006 0.12896773472222228
1 0.883025133984375 0.6635597916666667 0.17083024453125004 0.16224972777777782
1 0.6505590125 0.5879819395833333 0.023401403125000008 0.029121745833333375