1 0.502981012109375 0.6276754659722223 0.011208491406250066 0.014944651388888907
1 0.512087907421875 0.6376385715277777 0.018213796093750022 0.024907756944444515
1 0.513488969140625 0.6500924479166668 0.021015919531249948 0.02988930972222216
1 0.5352054203125001 0.6538286125 0.042031839062499986 0.04732474444444439
1 0.49597570351562503 0.6301662423611111 0.01120848984374998 0.01992620416666663
1 0.487569335546875 0.6314116298611111 0.014010613281249995 0.017435429166666613
1 0.47425925546875 0.6363931784722223 0.012609551562499988 0.017435431944444465
1 0.443435905859375 0.6451108979166666 0.023818042968749963 0.039852409722222225
1 0.48336615234374997 0.6513378354166667 0.025219104687499973 0.032380084722222174
1 0.567429830859375 0.6762455916666668 0.053240330468750055 0.07223249444444449
1 0.6147766402343751 0.6772773618055555 0.04705753515625002 0.06931447916666661
1 0.421719451953125 0.6550739972222223 0.036427594531249954 0.04981551388888887
1 0.143608784765625 0.797048211111111 0.28721756953125 0.4010148833333333