1 0.064320752734375 0.6195582805555555 0.12864150546875 0.2910676444444444
1 0.475193925390625 0.5537215520833333 0.06938844765625003 0.07900407638888893
1 0.818237941796875 0.6590603201388889 0.28612989453124993 0.32294648750000005
1 0.5147040804687499 0.5509494798611111 0.02260971718749998 0.0540554208333333
1 0.531466459375 0.5467913701388889 0.009355745312499941 0.04573920138888883
1 0.54511025546875 0.5398611875 0.014813264062500053 0.03465091111111107
1 0.563821746484375 0.5363960979166666 0.017931846093750002 0.03603694583333331
1 0.579804479296875 0.5350100597222223 0.01559290859375002 0.02772072777777781
1 0.59773632578125 0.53154496875 0.01559290937500002 0.0180184736111111
1 0.62268498203125 0.5315449694444444 0.014033618749999999 0.023562619444444502
1 0.6351593105468749 0.5308519506944445 0.010915038281250044 0.01940450972222223
1 0.694802189453125 0.5447123152777777 0.03508404765625004 0.04712523888888893
1 0.671412824609375 0.5370891145833333 0.024169010156249993 0.03187883750000001
1 0.6546504484375 0.5315449708333333 0.021830075000000004 0.031878841666666664