1 0.444260110546875 0.45321418958333337 0.008265303906249955 0.009183670833333303
1 0.4370279683593751 0.4541325576388889 0.008265303906250044 0.011020406944444418
1 0.42772950156250006 0.45413255625 0.010331629687499965 0.01469387361111111
1 0.45200883203125 0.45413255625 0.007232142187500035 0.01469387361111111
1 0.4602741371093749 0.4541325548611111 0.01343111953124998 0.018367343055555572
1 0.469572603515625 0.46147949375 0.015497446093750079 0.02204081250000003
1 0.4163647078125 0.45413255625 0.010331629687500055 0.01469387361111111
1 0.40964914804687497 0.4550509243055556 0.009298467968749956 0.016530609722222225
1 0.402933587109375 0.4559692902777778 0.010331630468750052 0.018367341666666606
1 0.39776777226562504 0.4605611256944444 0.010331630468750009 0.020204076388888915
1 0.391568794140625 0.46056112708333335 0.012397955468749977 0.023877545833333298
1 0.383303490234375 0.4642345951388889 0.012397955468749977 0.023877545833333378
1 0.37503818515625 0.4651529625 0.016530607812499997 0.022040811111111145
1 0.3569578328125 0.4642345958333334 0.027895401562499967 0.031224483333333334
1 0.344559875390625 0.4688264319444444 0.023762750781249987 0.025714277777777756
1 0.335777989453125 0.4715815333333333 0.022729586718749983 0.031224480555555562
1 0.32079712578124997 0.47617336875 0.029961728124999976 0.03673468750000002
0 0.30116702773437504 0.4770917361111111 0.013431119531250025 0.038571422222222256
0 0.27111138085937503 0.47290168541666666 0.05456980390625001 0.033061218055555563
1 0.261906831640625 0.4720407145833333 0.06095661953125 0.08265304305555558
1 0.183386440234375 0.4959182611111111 0.08575253359374999 0.07897957499999993
0 0.11209819140624999 0.4894896930555556 0.02376275000000001 0.06979590277777774
1 0.6486385546875 0.5436159562499999 0.16530608593749996 0.17081629027777778
1 0.5154450539062501 0.4729590833333333 0.013431120312499979 0.02387754722222226
1 0.528876173046875 0.4674488784722222 0.027895402343750052 0.03489795138888891
1 0.54643994453125 0.4711223493055556 0.03202805468750007 0.04591835694444445
1 0.552638923046875 0.4720407159722222 0.029961727343749977 0.04040815416666664
0 0.5645202984375001 0.47020398333333335 0.018596934375000006 0.05142856111111113
1 0.58662999609375 0.4812243875 0.039260195312500024 0.051428561111111055
1 0.638804730859375 0.44908153819444446 0.05269131640625 0.03122448472222222
1 0.687311715625 0.45780602430555556 0.0692219234375 0.03673468750000002
1 0.75386465625 0.4986733638888889 0.11984691406250007 0.13040813611111116
1 0.87508910078125 0.5298978479166667 0.17667088125000002 0.14326527638888892
1 0.9401783722656252 0.5647957979166667 0.07438773984374994 0.13408160416666665