1 0.38801037617187506 0.2755103277777778 0.034438791406250016 0.048979613888888884
1 0.371221465234375 0.3038266680555556 0.05596303515625003 0.0903061638888889
1 0.44182098671875 0.3581634256944445 0.1351722546875 0.23265316527777782
1 0.506393719921875 0.3367348444444444 0.04390945859375002 0.09795922777777777
1 0.5283484492187499 0.31454095694444445 0.02066327499999998 0.05357145277777779
1 0.2786672140625 0.3459185222222222 0.16358425625 0.19591845555555554
1 0.08638396640625 0.3522960722222222 0.1727679328125 0.23112255277777777
2 0.7982624800781251 0.3288266791666667 0.26087384140625003 0.29234706944444444
1 0.959694312890625 0.41301039027777775 0.07576533984374993 0.1729592611111111
0 0.16573668203125 0.3252552479166667 0.0352997609375 0.18826539027777775
0 0.62692948828125 0.29948991458333335 0.014636485937499976 0.033673484722222195
0 0.6389830652343751 0.3232144152777778 0.016358425781249953 0.0841837111111111
0 0.5498726933593749 0.2887756243055556 0.010331636718750037 0.030612259722222233
0 0.5442763902343749 0.29030623680555556 0.011192607031250024 0.03367348472222223
0 0.533083783203125 0.2872450111111111 0.011192607031249935 0.027551033333333346