1 0.453515466015625 0.5099998222222223 0.16874994140625002 0.2812499027777778
1 0.8509548531250001 0.5864684534722222 0.295667721875 0.4266871708333334
1 0.7651755124999999 0.4490623423611111 0.12550776718749992 0.15187494861111112
1 0.57058573671875 0.4399998402777778 0.06117185312500002 0.0824999694444444
1 0.66656226796875 0.4315623458333333 0.04851560781249997 0.07312497499999995
1 0.625956813671875 0.4299998395833334 0.030585927343750006 0.03749998749999995
1 0.33697253828124996 0.43406234791666665 0.01371093281250002 0.02437499305555559
1 0.360175655078125 0.43406234652777775 0.015820307031250015 0.020624993055555527
1 0.378632680078125 0.4321873479166667 0.01054687109375001 0.020624993055555603
1 0.32009754414062497 0.42937484930555553 0.015820307031250015 0.018749993055555494
1 0.306913955859375 0.42562484930555555 0.01265624609375 0.02624999027777777
1 0.286347556640625 0.4162498555555555 0.01371093359375002 0.02249999166666667
1 0.187734309765625 0.4181248527777778 0.021093741406249998 0.029999988888888947
1 0.2014452421875 0.41531235486111107 0.01898436875 0.02437499305555559
1 0.21515617421875 0.4181248527777778 0.02953124062499999 0.029999988888888947
1 0.233085856640625 0.41812485416666667 0.023203116406249967 0.026249988888888885
1 0.253124910546875 0.4199998527777778 0.01687499453125003 0.02249999166666667
1 0.14501948046875 0.42843734930555555 0.0833202828125 0.054374979166666684
1 0.5204880992187499 0.4257587736111112 0.007382810937499951 0.03937498333333333
1 0.531034971484375 0.4313837715277778 0.015820307031249925 0.02812498750000003
1 0.54527324609375 0.4220087763888889 0.014765618749999997 0.03562498888888888
1 0.60011697734375 0.4257587770833333 0.014765620312499995 0.0356249875
1 0.6133005667968751 0.42950877499999995 0.009492185156249989 0.02062499166666664
1 0.34541003515625 0.4296427 0.007382810937499995 0.01874999444444446