1 0.415801487109375 0.37046893125 0.02537755546874996 0.039910004166666686
1 0.37383091484375003 0.36960132222222225 0.0370902734375 0.058997394444444455
1 0.44996358203125003 0.3687337131944444 0.02537755781250004 0.03296913194444448
1 0.2835453796875 0.37133654027777774 0.13762443593749998 0.17699218333333333
2 0.515695541015625 0.3479111020833333 0.06765228671874998 0.0919665263888889
2 0.40506482890625 0.3444406673611111 0.027329675000000008 0.07114391527777776
0 0.625654351171875 0.37827740972222224 0.009760597656249991 0.05552696111111115
0 0.6139416328125 0.3748069736111111 0.00976059843749999 0.062467827777777804
0 0.63834312734375 0.37046893125 0.013664837500000004 0.0572621763888889
0 0.687634149609375 0.3774098006944444 0.01268877734374998 0.0919665263888889
0 0.743757591015625 0.3808802361111111 0.015616958593749963 0.10584826388888884
0 0.704227166015625 0.37827740833333334 0.01464089765624994 0.09717217777777781
0 0.72667654296875 0.3869534965277778 0.010736657812500017 0.08676087361111115
0 0.774503473828125 0.3808802361111111 0.01268877734374998 0.10584826388888884
0 0.7867042222656251 0.38521827847222223 0.015616957031250055 0.10064261527777778
0 0.8032972386718751 0.3808802361111111 0.021473316406249943 0.10584826388888884
3 0.8926067124999999 0.4173198013888889 0.13372019531249996 0.2550769694444444
0 0.190819696875 0.3687337131944444 0.02244937656249999 0.12320044027777782
0 0.12444762812499999 0.37480697291666665 0.020497256249999984 0.10411304583333335
0 0.074180546875 0.3808802361111111 0.019521196875 0.10584826388888884
0 0.032698004296875 0.37654219236111114 0.024401496093749996 0.11105391805555556
0 0.0165930171875 0.3487787118055556 0.0097605984375 0.0520565236111111
0 0.15226533359375 0.3774097993055555 0.019521196875 0.08849608749999997
0 0.134696257421875 0.3756745840277778 0.01561695703124999 0.09543695972222221
0 0.086381294921875 0.3800126270833333 0.010736658593750004 0.10411304583333332
0 0.10687855156250001 0.37914501736111106 0.016593017187500003 0.09196652361111109
0 0.060027678515625 0.3782774090277778 0.014640897656249995 0.11105391805555552