1 0.617153934375 0.5387268979166666 0.03725239218750005 0.05858495694444446
1 0.6794800511718749 0.5527363458333333 0.047281882031249986 0.05603778611111115
1 0.805565069921875 0.5680193791666668 0.06447529296874999 0.09679254166666666
1 0.74395534453125 0.57566089375 0.11318995937499991 0.1171699152777778
0 0.23674970078125002 0.5387268979166666 0.02435733281250001 0.10443405694444444
0 0.20236287812500003 0.5374533125 0.012895059375000018 0.09679254166666666
0 0.185885858203125 0.5349061402777778 0.017193411718749996 0.09679254166666666
0 0.07197950546875001 0.5323589694444444 0.027222901562500002 0.13245294722222226
1 0.39005762109375 0.5234438659722221 0.015760628124999964 0.048396268055555525
1 0.37286421015625 0.527264625 0.027222901562500023 0.06113213055555554
1 0.33847738671875 0.5234438659722221 0.04441631406250002 0.06877364861111117
1 0.31770201406250004 0.5310853819444444 0.04871466718749997 0.05349061666666673
1 0.296926641796875 0.5425476562499999 0.03581960703125002 0.056037784722222185
1 0.42086248398437504 0.5349061416666667 0.045849097656250046 0.10698122777777783
1 0.5849162875 0.5361797263888889 0.030088470312499994 0.03820758055555555
1 0.503247580859375 0.5629250333333333 0.15044235234375006 0.2292454888888889
1 0.9130238925781249 0.6355194381944445 0.16763576328124988 0.2878304458333333
1 0.24677919218750005 0.5349061409722222 0.09313097968749999 0.08660385138888885
1 0.64761270078125 0.5449331708333334 0.022705548437500056 0.06279065277777779