1 0.335821302734375 0.4785945569444444 0.010722886718749968 0.015596924999999985
1 0.316812548046875 0.4829270375 0.019496155468749964 0.027727866666666677
1 0.352880440234375 0.4794610534722223 0.013647310156250026 0.020795898611111124
1 0.37140178828125 0.4941914819444444 0.019496157812500005 0.025994874999999952
1 0.37871284609375 0.49765746875 0.014622115624999977 0.025994876388888914
1 0.403570450390625 0.5019899458333333 0.03899231328125001 0.05198974999999998
1 0.43281468398437506 0.5314508055555556 0.04289154453125006 0.0866495861111111
1 0.487891326953125 0.5496472166666666 0.11015328671875002 0.1195764277777778
1 0.28366908124999995 0.48552652430555554 0.037042698437499987 0.046790776388888844
1 0.2188443609375 0.4742620791666667 0.047765584375000024 0.048523772222222226
1 0.08334607109375 0.4993904548611111 0.0887075125 0.08145061250000005
1 0.020958368359375 0.5175868694444444 0.04191673671875 0.3050065416666667
1 0.70249358671875 0.6094344076388889 0.331918678125 0.3960443375