1 0.30005303203125 0.4014473715277778 0.014987664062500006 0.0213157902777778
1 0.26108510390625 0.4236513173611111 0.018984376562500006 0.026644734722222237
1 0.248095794921875 0.4209868444444445 0.014987664843750003 0.021315788888888913
1 0.227612653125 0.4254276340277777 0.0219819078125 0.030197368055555528
1 0.042764790625 0.47427631875 0.051957237499999996 0.06039473749999994
1 0.382984776171875 0.41210526527777774 0.014987664843750003 0.021315788888888913
1 0.38997901953124997 0.4174342138888889 0.018984375000000008 0.024868422222222207
1 0.4009699734375 0.41921052777777784 0.018984375000000008 0.03552631388888893
1 0.41395928203125 0.4254276340277777 0.02098272968749999 0.037302631944444505
1 0.4259494140625 0.42986842291666666 0.028976151562499997 0.04263157916666671
1 0.442935434375 0.44407895000000003 0.04096628281250005 0.056842105555555536
1 0.369495877734375 0.3810197381944444 0.011990132031249967 0.012434209722222218
1 0.192641436328125 0.4431907916666667 0.05595394765625002 0.05151315833333333
1 0.136187899609375 0.45740131875 0.04696134921874999 0.04796052638888892
1 0.34751396953125 0.3827960548611111 0.01199013124999997 0.012434209722222218
1 0.01228987265625 0.47782895 0.0229810859375 0.06749999999999995
1 0.939027130859375 0.6670065826388889 0.11990131640624994 0.1367763152777777
0 0.49861421328125 0.4185175020833333 0.014622117187500016 0.025994876388888914