1 0.06531212578125001 0.5146985430555555 0.09163193750000001 0.09011556944444447
1 0.131599059375 0.5138320472222222 0.048740392187499995 0.0745186444444444
0 0.625339233203125 0.49130315416666676 0.014622117968750015 0.07798462777777779
0 0.511774119140625 0.4956356340277778 0.009748078906250068 0.05545573472222224
0 0.578061052734375 0.4904366590277778 0.011697694531250047 0.051989754166666714
0 0.467907766015625 0.5025676006944445 0.00974807890624998 0.05545573472222224
1 0.317299953515625 0.5112325590277778 0.024370196093749998 0.04852376805555557
1 0.294391969140625 0.5138320465277778 0.01754653984375003 0.04332479305555555
1 0.22664282421874998 0.5051670881944444 0.036067890625 0.04332479305555555
1 0.254912251171875 0.5077665756944444 0.014622116406249974 0.04505778472222228
1 0.269046965234375 0.5043005923611111 0.019496157031250006 0.045057784722222195
1 0.369452173828125 0.5077665756944444 0.021445772656249983 0.034659834722222234
0 0.445487185546875 0.5077665756944444 0.00974807890624998 0.04852376805555557
0 0.43476429921875004 0.5077665756944444 0.007798462500000003 0.038125818055555524
0 0.4152681421875 0.5034340965277778 0.007798462500000003 0.025994876388888914
1 0.17985204765625 0.5172980298611112 0.051664815624999985 0.053722743055555515