1 0.1674754421875 0.42212988472222224 0.0512367796875 0.06661630833333337
1 0.21144730625000002 0.42892746527777775 0.035177490625000016 0.053021141666666695
1 0.42365933984375 0.3861026965277778 0.014529832812499954 0.019033231944444475
1 0.4485130003906249 0.3813443868055556 0.018353474218749978 0.02311178194444439
1 0.4993674171875 0.37046825902777775 0.02523602500000006 0.03670694861111106
1 0.567428213671875 0.3820241458333333 0.013000377343750013 0.021752263888888894
1 0.6198120839843749 0.38542293888888884 0.026000753906250028 0.023111780555555503
1 0.5536631078124999 0.38542293888888884 0.017588745312500008 0.023111780555555503
1 0.532250724609375 0.3820241465277778 0.017588747656250004 0.019033231944444475
1 0.4745137554687499 0.39833834444444444 0.0244712984375 0.035347427777777794
1 0.35559854375 0.4391238416666667 0.05735460312500003 0.07885195833333335
1 0.38274638906249997 0.3874622125 0.06576661249999996 0.051661627777777774
1 0.8905258132812499 0.5227341069444444 0.21565331093749993 0.20528699722222224
0 0.776581335546875 0.4615558638888889 0.021412385156249946 0.09380663888888895
0 0.80449390859375 0.45135948819444444 0.022177112500000006 0.06253775972222225