1 0.2570269921875 0.4615613819444445 0.043021254687499996 0.044466413888888924
2 0.8021963375000001 0.4108696694444445 0.3941947640625 0.6296444277777777
1 0.5209344613281249 0.64179858125 0.42621058203124995 0.4926878680555556
0 0.374084828125 0.4741898416666667 0.013006426562500017 0.06758895000000006
0 0.361578648828125 0.47241118541666666 0.01200593203125 0.07114626250000006
0 0.34907246953125004 0.4697432006944444 0.011005437500000026 0.06936760694444438
0 0.33856727929687497 0.47063252986111115 0.012005930468750004 0.07470357638888893
0 0.32005813359374996 0.47152185763888893 0.01100543593750003 0.06581029305555551
0 0.3115539328125 0.4688538729166666 0.014006920312499994 0.07114626249999997
0 0.22000870234374997 0.46351790277777777 0.019009392187499995 0.08181820277777771
0 0.20800277031250003 0.46529655972222217 0.019009392187499995 0.07826088888888884
0 0.18649214218750002 0.4564032777777778 0.0240118640625 0.09604745555555559