1 0.56342007578125 0.38322585625 0.012247985937499983 0.026129034722222222
1 0.5187149296875001 0.3908468243055555 0.008573589062500008 0.028306454166666682
1 0.5046297453124999 0.39411295416666664 0.017147179687500014 0.03483871388888894
1 0.45012621093750005 0.3995565034722222 0.018371978124999976 0.023951615277777765
1 0.553621688671875 0.39629037361111114 0.007348791406249955 0.03483871388888894
1 0.535862109375 0.39193553402777775 0.028170367187500035 0.05225807083333333
1 0.48197097343749995 0.4104436020833333 0.062464726562499975 0.05443549305555556
1 0.426242641015625 0.40282263263888896 0.036743958593750035 0.05661290972222217
1 0.40052186875 0.41153231180555555 0.048991942187499984 0.056612912500000015
0 0.372963902734375 0.39629037361111114 0.006123992968749992 0.017419355555555505
0 0.36500271210937496 0.3952016645833333 0.0073487898437500036 0.01959677916666662
1 0.330708352734375 0.42895166875 0.08083670390625004 0.0958064652777778
1 0.1713560484375 0.4889059152777777 0.2324547359375 0.17812487777777786
1 0.0520603109375 0.5006627138888889 0.104120621875 0.24851344444444448
1 0.5719936660156251 0.3930242444444444 0.009798389843749967 0.03266129444444448
2 0.606900425390625 0.3723387569444444 0.06246472578124997 0.11758066111111111
0 0.650380773046875 0.39411295416666664 0.0073487898437499585 0.04790323055555553
0 0.725705883984375 0.3973790833333333 0.008573589843750007 0.05008064999999999
1 0.69447351953125 0.39302424375 0.04654234531250001 0.06314516805555555
1 0.767349033203125 0.4071774722222222 0.06736391953125001 0.08709678611111116
1 0.968215994921875 0.3614516583333333 0.06001512890624987 0.08709678611111107
1 0.8557959164062499 0.4994527826388889 0.287402146875 0.43828094861111117
1 0.298130284375 0.4631246826388889 0.031640603124999965 0.08437494305555554
0 0.272422294140625 0.38601535208333326 0.011865225781250021 0.03046872916666664
0 0.17156787109375 0.3883591006944444 0.010546867187499998 0.02109373472222218
0 0.22364303046875 0.38953097500000006 0.009228509375000016 0.018749986111111068