1 0.396347990625 0.6344526812500001 0.014501943750000024 0.04453121805555556
1 0.39041537656249997 0.6414839270833333 0.018457018749999988 0.06328120694444439
1 0.35943395312500004 0.6449995493055556 0.05668941406250001 0.07499994861111109
1 0.479404573828125 0.6321089333333333 0.014501942968749936 0.021093736111111146
1 0.6138771375 0.652030795138889 0.05405269687500001 0.08906244027777777
0 0.70616223046875 0.6473432972222223 0.02241209375000004 0.08906243611111112
0 0.7351661164062501 0.6461714243055555 0.022412093749999952 0.08671869027777777
3 0.54136742109375 0.5852339652777778 0.11733390312500003 0.22734359166666668
1 0.3060404359375 0.6485151708333333 0.076464790625 0.11484366944444449
1 0.175522946875 0.5704683555555555 0.2478513921875 0.24937483888888892
1 0.8643652460937501 0.6157026951388889 0.27026348593750005 0.17578112916666666
1 0.43128448984375006 0.6403120527777778 0.07119135781250004 0.1171874194444445