1 0.52458676640625 0.34476387708333334 0.031092529687500026 0.02763780416666665
1 0.500470119140625 0.34653552847222224 0.015546263281250017 0.02125984583333336
1 0.45263546015625 0.34653552847222224 0.022721462500000022 0.02551181805555558
1 0.4263263984375 0.35503946875000003 0.027504929687499936 0.034015756944444475
1 0.34401092851562504 0.3816142784722222 0.08610238828125003 0.06590552916666666
1 0.556277245703125 0.35503946875000003 0.027504928906249938 0.03826772638888893
1 0.5941463382812501 0.37381900625000003 0.05142225781249996 0.06590552916666666
1 0.631816131640625 0.38551192291666664 0.05022639140625005 0.0765354541666667
1 0.7171212859375 0.38338593819444444 0.12915357968750002 0.15307090694444445
1 0.7828939421875001 0.4227166590277778 0.14828744218750006 0.15944886527777777
1 0.89829505625 0.47480328541666666 0.19970969999999993 0.2423622680555556
1 0.48033970625 0.3475985215277778 0.023917329687500023 0.03188977361111114
1 0.15446608281250002 0.5201576194444445 0.3073376828125 0.36566939444444446