3 0.085619770703125 0.6294795833333333 0.17123954140625 0.1863559333333334
1 0.20284683984375002 0.6799792375 0.03440794531249998 0.045521622222222176
1 0.2424559859375 0.6828243381944444 0.03680849999999998 0.04836672361111114
1 0.226452290625 0.6728664840277777 0.02080480468750001 0.028451015277777793
1 0.287075780859375 0.6806905131944444 0.038027764843749964 0.035563768055555535
1 0.34087871289062505 0.6721552097222222 0.011202586718750008 0.021338261111111163
1 0.35168120742187503 0.6771341347222223 0.012002771093749986 0.017070608333333345
1 0.3616835171875 0.6771341361111111 0.006401478125000004 0.01991571111111112
1 0.52332084140625 0.6814017875 0.019204434375000013 0.05405692777777773
1 0.49531437421874996 0.6842468895833334 0.04801108593750003 0.07681773749999997
1 0.56453035703125 0.6785566868055556 0.02800646718750004 0.03983142083333335
1 0.537324075 0.6714439340277778 0.012002770312500032 0.019915709722222234
4 0.6097407960937501 0.7112753534722223 0.016003696875000008 0.051211826388888916