1 0.4153453917968751 0.43585250416666665 0.02387394453124996 0.035912941666666615
1 0.44013756367187507 0.4489117534722222 0.02938331328125008 0.06856106805555555
1 0.5310421937500001 0.4489117541666666 0.034892687500000005 0.08162031944444448
1 0.6256197390625 0.4178960319444444 0.04223851718749998 0.032648127777777744
1 0.16971924453125 0.4646916840277778 0.10375982968750001 0.09141475694444444
1 0.24639133242187503 0.4557134486111112 0.05693017265624998 0.06366384999999997
1 0.31020822031249995 0.44265419722222227 0.03764737343750002 0.037545347222222206
1 0.37127041953125 0.43775697916666667 0.027546856249999994 0.031015719444444458
1 0.56287412265625 0.4573458527777778 0.07896765781250004 0.09957678888888889
1 0.4806926640625 0.4540810409722222 0.06703068593749997 0.10284160138888888
1 0.07514170234374999 0.46441961249999997 0.046829660937499996 0.05060459722222224
1 0.01591595703125 0.4685006298611111 0.029383315624999996 0.045707379166666666
1 0.924197071875 0.5071342493055556 0.14783480312500002 0.13059250972222225
0 0.7453929304687501 0.4431473201388889 0.019282799999999954 0.07509069583333337
0 0.837215787890625 0.4276394583333333 0.010100513281249945 0.04733978333333329
0 0.82986996015625 0.4268232541666666 0.008264057812499993 0.04897219166666665