1 0.21323351835937498 0.38214302499999997 0.03616073046875001 0.027551033333333346
1 0.24379794531250001 0.3897960902777778 0.02496812343750001 0.01836735277777777
1 0.27436237265625 0.38673486388888895 0.034438790625000014 0.018367355555555537
1 0.049662306640625 0.3818400951388889 0.06629467265625 0.0459183875
1 0.09314128046875 0.3887278534722223 0.03788267031249999 0.02908164583333333
1 0.5424109578125 0.36581649097222224 0.009470667187500049 0.010714290277777788
1 0.54456338203125 0.39642874930555555 0.012053576562500012 0.032142870833333365
1 0.32372463515625 0.38724507222222226 0.02496812343750001 0.013775516666666713
1 0.30176990585937497 0.38724507222222226 0.01894133515624996 0.013775516666666713
0 0.7015468796875 0.4140307986111111 0.04218751874999995 0.21275519722222225
0 0.5534600785156251 0.3979593631944444 0.009470667968750046 0.08571432638888889
0 0.6360306617187501 0.3941328291666666 0.017219396875000025 0.11173474166666664
1 0.43017278320312496 0.45000020277777775 0.10934316171874996 0.15918374722222214
0 0.509263621875 0.10178576041666666 0.02496812343750001 0.003061226388888885