1 0.144915966015625 0.3752265631944444 0.06041351640624999 0.0747734097222222
1 0.08909081875 0.3874622118055555 0.07417862031250001 0.0747734097222222
1 0.26554766562500004 0.3534742979166667 0.025626687500000012 0.03670694583333337
1 0.37204019609375 0.3453172 0.014529832812499999 0.023111780555555544
1 0.43608616992187504 0.3534742993055556 0.02179474921875002 0.028549845833333382
1 0.501279237109375 0.3514350236111111 0.039765858593750016 0.032628397222222265
1 0.682519785546875 0.3487159902777778 0.03441276171874996 0.03806646388888891
1 0.608013434375 0.34386057152777777 0.03747167500000002 0.044864045833333324
1 0.028636974609374997 0.3895280402777778 0.057273949218749995 0.10740180555555558
1 0.30168521484375 0.3500755090277778 0.031353849999999996 0.04350452916666667
1 0.336862706640625 0.34803623194444444 0.01911820234374999 0.025830813888888887
1 0.40186458984374995 0.3582326076388889 0.045118954687499976 0.06253775972222225
1 0.45501319023437503 0.3575528486111111 0.029059666406249997 0.039425980555555525
1 0.643136290234375 0.34395768125 0.03900113046874996 0.05302114305555558
1 0.72725637578125 0.34463744166666666 0.03288330625000002 0.03806646388888891
1 0.7689340546875 0.34735647569444444 0.035177490625000016 0.03806646249999998
1 0.81175882578125 0.34259816597222226 0.035177490625000016 0.04486404305555555
1 0.9199794378906251 0.33989844861111107 0.05758635859374994 0.11691842222222226
0 0.957184625390625 0.34463744027777776 0.016824016406249954 0.1019637416666667