1 0.46324050312500004 0.3431060722222222 0.01639845156249997 0.02242523333333332
1 0.44431921093749993 0.3509549013888889 0.02396696875000002 0.029152802777777806
1 0.395754565625 0.3756226597222222 0.0782080015625 0.07848831944444447
1 0.291687468359375 0.3924415833333334 0.10469780703125 0.0941859805555556
1 0.569199730078125 0.3666525652777778 0.029012646093749962 0.029152802777777768
1 0.5818139234374999 0.3789864465277778 0.026489807812500033 0.03139532638888885
1 0.5969509562499999 0.38010770833333335 0.029012643749999966 0.033637849999999976
1 0.61145727890625 0.38459275347222216 0.027751225 0.04260794027777774
1 0.635424248828125 0.3935628479166667 0.05045677578124996 0.06054812916666666
1 0.6701132800781251 0.4036542027777778 0.05171819453125002 0.08073083888888885
1 0.7275078621093749 0.41710934236111114 0.11100490546875 0.10764111805555553