1 0.194664430078125 0.5762650909722222 0.06253680859374999 0.11911772916666669
3 0.083186984765625 0.44523559027777776 0.16637396953125 0.6247063083333333
0 0.301268580859375 0.5488238902777778 0.014889716406250031 0.058235336111111105
1 0.383162019140625 0.5417650708333334 0.04466914765624996 0.058235336111111105
1 0.40698556328124996 0.5417650694444445 0.023823545312499972 0.03705884722222221
1 0.4516547121093749 0.5550003715277777 0.04764709140625003 0.09000006250000002
1 0.50451320390625 0.5519121402777778 0.022334573437500005 0.034411788888888926
3 0.495579374609375 0.5333827166666667 0.03424634765625001 0.09264712222222227
1 0.54694889375 0.5227944736111111 0.03573531875000002 0.023823544444444403
1 0.55067132421875 0.61985335625 0.15931996093749995 0.17205894027777774
1 0.611719159765625 0.56514744375 0.055091949218750005 0.08205888194444447
0 0.673511481640625 0.5788239194444444 0.017867660156249965 0.07941181944444445
2 0.84772115859375 0.5814709777777778 0.29779432187499993 0.2911766694444444
0 0.347781223828125 0.5503995201388889 0.014889716406250031 0.07147063472222226