1 0.260557068359375 0.5688277263888889 0.01977537734374999 0.04921871666666667
1 0.23155318164062502 0.5770308472222223 0.03823239609375002 0.037499974999999984
1 0.202549294921875 0.5699996013888889 0.043505830468750006 0.037499974999999984
1 0.7707617953125 0.60164020625 0.07514643281249996 0.0914061875
0 0.83733889765625 0.5360152493055556 0.018457018750000033 0.03046872916666664
1 0.84458986953125 0.607499575 0.11997062031250003 0.12187491666666664
1 0.5972163859374999 0.5812496 0.010546868750000016 0.016406238888888917
1 0.605126537109375 0.5777339777777778 0.010546867968750017 0.018749986111111068
1 0.6130366878906249 0.5777339784722222 0.010546867968750017 0.02343748194444441
1 0.6308345273437499 0.5777339777777778 0.03032224531249996 0.03281247777777775
1 0.559824440625 0.5732808555555556 0.06723628281249994 0.09374993611111111
1 0.513681894140625 0.5615621138888889 0.014501942968750025 0.023437483333333377
1 0.010068958984375001 0.5639058625 0.01977537734375 0.0515624638888889
1 0.9283056328124999 0.6342183138888889 0.14238271562500007 0.14999989722222223
1 0.9843358667968751 0.6646870458333334 0.030322244531250143 0.1171874194444445