0 0.75560067265625 0.3942184722222223 0.02900388593750005 0.14062490277777778
0 0.626401542578125 0.41999970416666665 0.029003885156249964 0.08906243888888889
0 0.5795998171875001 0.42234345208333335 0.01713865937499994 0.07499994861111109
0 0.81294926640625 0.40124971666666664 0.03559567968749997 0.20156236111111112
1 0.30867715195312495 0.4129684590277778 0.06328120703124998 0.05156246527777779
1 0.441172178125 0.4129684590277778 0.02241209375000004 0.07031245138888885
1 0.26451214296875 0.41999970416666665 0.0487792625 0.07031245277777774
1 0.15574756953125 0.42585907500000003 0.04746090468749999 0.06328120555555551
1 0.08323785390625 0.4270309486111111 0.11601554531249998 0.1031249277777778
1 0.34493200976562505 0.39890596874999995 0.017138660156249985 0.03281247638888887
1 0.406235678515625 0.41882783194444445 0.05800777265624997 0.10078118333333334
1 0.492588158203125 0.4117965847222222 0.06196284765625002 0.09609368333333335
1 0.21441452148437498 0.42468720069444443 0.08305658359375001 0.09843743194444446
1 0.024480266796875 0.43992156527777776 0.04896053359375 0.10546867777777773