0 0.20766155859375002 0.5038573590277778 0.01582030937500003 0.0499999930555555
0 0.86024936640625 0.4944823590277778 0.032519525000000014 0.15937498472222217
0 0.73324743046875 0.4913573604166667 0.03164062187500001 0.13124998472222218
0 0.081099073828125 0.5116698590277778 0.012304686718750003 0.05937499583333326
0 0.057808062109375 0.5132323569444444 0.018457030468750003 0.06874998888888884
1 0.32895060546875 0.4819823618055556 0.015820310937500005 0.0343749930555555
1 0.38432169296874996 0.4960448597222222 0.022851559375000007 0.04374999444444438
1 0.449360746484375 0.4913573625 0.028124994531249926 0.03749999722222223
1 0.30214396796875 0.49916985902777783 0.044824212500000016 0.05937499583333326
1 0.355317790234375 0.49135735972222216 0.04218749453124997 0.0656249916666666
1 0.4177201265625 0.5030761097222222 0.038671871875000055 0.07031249166666662
1 0.6132767417968751 0.5265136055555555 0.17666013359375005 0.2171874722222222
1 0.026047585546875 0.5397948555555555 0.05209517109375 0.08749998888888884