1 0.305582770703125 0.570371982638889 0.059406914843750026 0.08418371250000002
1 0.43257581289062497 0.5711372861111111 0.027551032031249978 0.048979613888888926
1 0.45754393671875004 0.570371982638889 0.02410715625000002 0.0413265486111111
1 0.489830302734375 0.5642495291666667 0.01635842578125004 0.03214287222222225
1 0.47820720976562503 0.56731075625 0.017219394531249942 0.032142873611111136
1 0.546654307421875 0.5466474819444445 0.012914547656249997 0.018367355555555617
1 0.5612907925781251 0.5512393194444444 0.011192607031250024 0.018367355555555537
1 0.6021868582031249 0.54817809375 0.03443879140625006 0.030612259722222195
1 0.63232080390625 0.5420556437499999 0.02410715468750002 0.02448980694444442
1 0.634473228125 0.5489434013888889 0.007748728124999982 0.02908164722222221
1 0.6417914703125 0.5527699340277777 0.00860969843749997 0.03061225972222227
1 0.649540198828125 0.5527699326388889 0.013775516406249988 0.03367348472222223
1 0.6594413519531249 0.5527699326388889 0.02152424453125006 0.04285716250000004
1 0.6792436562499999 0.5527699319444445 0.023246184375000034 0.05816329166666666
1 0.702059355078125 0.5504740131944444 0.036160730468750034 0.07806125972222225
1 0.7300408734375 0.5520046256944444 0.04390945781249993 0.09030616250000002
1 0.5104935800781251 0.55276993125 0.01980230546875008 0.027551031944444384
1 0.5802321328125 0.5389944159722222 0.009470667187500049 0.012244904166666654
1 0.21960879023437502 0.59158191875 0.13861613359375 0.14540822638888887
1 0.361668802734375 0.5885206965277777 0.13689419453125 0.14540822916666662
1 0.532140817578125 0.5602043562500001 0.028412002343750055 0.03673470972222227
1 0.5743283375 0.5571431305555555 0.023246184375000034 0.027551033333333346
1 0.6083366421875 0.55408190625 0.022385214062499957 0.030612259722222195
1 0.78194505546875 0.5533165972222223 0.09728958437500008 0.11785719444444441