1 0.40708217187499995 0.64649698125 0.024107153124999982 0.0397959375
1 0.3907237453125 0.6510888194444444 0.010331637500000036 0.02448980555555554
1 0.38419700234375 0.6526533555555556 0.009470667187500004 0.02755103333333327
1 0.37903118359375 0.6541839694444445 0.014636485937499976 0.027551033333333346
1 0.337787137109375 0.6530615263888889 0.02238521484375 0.04285716111111115
1 0.3192762875 0.6545921381944445 0.023246182812499995 0.05204084027777777
1 0.519164773828125 0.6170921208333333 0.00860969765624997 0.04132654722222221
1 0.526913501953125 0.6193880395833334 0.013775516406249988 0.05204084027777777
1 0.539397563671875 0.6140308958333334 0.02324618359374995 0.0596939055555556
1 0.57706499140625 0.5895410881944444 0.058115459375 0.13622454861111113
1 0.6310908449218751 0.5923472048611111 0.10245540234375002 0.16836742361111107
1 0.695781964453125 0.6030614958333333 0.11364801015625003 0.19591845555555554
1 0.853221046875 0.588520673611111 0.2901468140624999 0.34744913611111106
1 0.987101846484375 0.6918370451388889 0.022385214843749956 0.1836735513888888
1 0.35922887968749995 0.6555615222222222 0.02324618437499999 0.03520409722222221
1 0.286128955078125 0.6567349930555556 0.053380125781250023 0.0681632944444445
1 0.46047533554687503 0.6341839638888889 0.09556764453125002 0.1561225194444444