1 0.43914240585937503 0.37281585208333334 0.014636486718750064 0.03673470972222219
1 0.09647643515625 0.3697546270833334 0.0835140671875 0.10408168194444446
1 0.45334840624999995 0.37205054583333336 0.01721939531250003 0.03214287222222225
1 0.46970683203124997 0.3804689159722222 0.025829093749999997 0.0520408375
1 0.48176040859375 0.3873566756944445 0.027551032812499977 0.05051022916666668
1 0.5024236847656249 0.39500973958333335 0.03960461171874998 0.09030616250000002
1 0.5583867183593749 0.40648933819444444 0.11536994921875002 0.17448987361111112
1 0.38360985468750003 0.3911832097222222 0.07404340156250004 0.11632658333333332
1 0.33625651640625 0.3651627881944445 0.017219396875000025 0.027551031944444422
1 0.31602372695312503 0.36363217499999995 0.014636486718750018 0.027551033333333346
1 0.30009578671875003 0.3605709479166666 0.01721939687499998 0.030612256944444423
1 0.20581959609374997 0.4263873048611111 0.22815699218750002 0.2540817430555555
0 0.8330360765625 0.42868322430555555 0.04304848906249994 0.1607143569444445
0 0.04740115859375 0.39194851388888896 0.030133942187499995 0.15459190555555555