1 0.27083063984375 0.5595855055555555 0.017049871874999976 0.034974094444444465
1 0.22228716679687502 0.5604410006944445 0.014460650781250006 0.03202187638888887
1 0.070822539453125 0.5607513083333333 0.055084197656250014 0.07927461388888889
1 0.132464380859375 0.5700777319444444 0.07606865390625 0.08860103888888891
1 0.39083550078125 0.5654145215277778 0.06819948281249996 0.046632126388888966
1 0.1901716359375 0.5537564881944445 0.023607512499999993 0.03264248749999999
0 0.5141191804687499 0.5747409458333333 0.020984456249999985 0.11891191944444443
0 0.56789185078125 0.5805699611111111 0.036722798437499996 0.17020725555555552
0 0.5980570082031249 0.5794041576388889 0.03409974140625005 0.16787564861111107
0 0.6642891972656251 0.5922279923611111 0.03803432734375001 0.19119171527777784
0 0.7003562320312501 0.5922279909722222 0.03409974218749996 0.19585492361111106
1 0.011147992968750001 0.5444300625 0.022295985937500002 0.05129533888888886
1 0.24617093906249998 0.5679747041666666 0.03933966562499998 0.05086340555555553