1 0.0532122875 0.30584840277777775 0.106424575 0.20484730277777774
1 0.799384587109375 0.3428347201388889 0.40009238515625006 0.5291888625
1 0.262060512890625 0.22618556250000002 0.05201201015625001 0.06259223055555556
1 0.43810116289062495 0.20769240277777778 0.04881127109375001 0.06543733055555555
1 0.5741325734375 0.2859326909722222 0.16243750781249994 0.2076924013888889
1 0.5221205640625 0.24610127152777778 0.09362161875000004 0.1280295625
1 0.28886670273437504 0.2219179097222222 0.027206282031250018 0.051211824999999996
1 0.12482882460937499 0.2781086631944445 0.10882512890625 0.13798741805555556
1 0.417296358984375 0.19560072222222222 0.02000461953125008 0.038408869444444466
1 0.30046938203125 0.2112487798611111 0.01840424999999999 0.04125397083333332
1 0.312872246484375 0.20555857708333333 0.01600369609375001 0.03271866527777776
1 0.32527511015625 0.2041360263888889 0.012002771874999985 0.02987356388888891
1 0.33447723515625 0.2048473027777778 0.009602217187500007 0.0256059138888889
2 0.40569367968750003 0.17781883819444444 0.03520812968749998 0.07397263750000002
1 0.34127880546875 0.19986837430555557 0.013603140625000032 0.024183362500000014
1 0.350480930078125 0.1970232729166667 0.011202586718749963 0.02133825972222224
1 0.35888287031250005 0.1970232729166667 0.012002771874999985 0.02133825972222224