1 0.20716354960937503 0.36609349166666666 0.09228509296875001 0.08437494166666666
1 0.17618212500000002 0.36609349027777777 0.061962848437500016 0.0749999472222222
1 0.29417520859375 0.38953097500000006 0.060644489062500015 0.037499974999999984
1 0.455674121484375 0.3836716041666667 0.011865227343750017 0.025781233333333296
1 0.4774270359375 0.37078098819444444 0.01054686718749993 0.01874998750000003
1 0.4774270359375 0.3942184722222223 0.01054686718749993 0.023437483333333297
1 0.435898744140625 0.39773409444444446 0.019775377343749945 0.016406238888888838
1 0.46160673476562497 0.3942184715277777 0.021093736718750034 0.018749987499999954
1 0.506430922265625 0.3578903722222222 0.05800777265624992 0.10078118055555553
1 0.580258996875 0.40359346527777773 0.142382715625 0.1968748638888889
1 0.35613805625 0.3871872270833333 0.04218747031249999 0.04218747083333333