1 0.34946861210937497 0.60516070625 0.018521349218750018 0.07278565416666664
1 0.33387168828124997 0.6112261777777778 0.0321686578125 0.08145061388888893
1 0.320711780859375 0.5635689041666667 0.027294621093750006 0.03812581944444449
1 0.12282578867187499 0.6068936972222222 0.14622117734375 0.1698331888888889
1 0.8402843640625 0.6467525069444444 0.3177873593749999 0.3084725277777777
1 0.697962417578125 0.6068936972222222 0.04289154609374997 0.11091146944444448
1 0.25686186835937497 0.6276895979166666 0.15889367890625 0.18023114027777776
1 0.027782023046875 0.5982287381944444 0.05166481484375 0.08664958472222221
1 0.025832407421875 0.6259566076388889 0.05166481484375 0.10051352083333333
1 0.03655529453125 0.8044547520833334 0.0731105890625 0.2980745763888889
3 0.551253836328125 0.4186907993055556 0.48058026796875 0.8373815986111112