1 0.37786676875 0.57585478125 0.010926268750000023 0.016996415277777763
1 0.371037851171875 0.5807109 0.010926267968750025 0.016996416666666646
1 0.366257608203125 0.5831389604166667 0.012292050781249975 0.03156477361111109
1 0.35533134140625 0.5819249305555556 0.017755185937499984 0.02913671388888888
1 0.34235639765625 0.5782828416666667 0.016389401562499996 0.04127701111111111
1 0.32801567148437505 0.5819249298611111 0.03414458671875002 0.05341730972222223
1 0.306846028125 0.5794968708333333 0.021852535937500008 0.04370506944444443
1 0.381964118359375 0.58556701875 0.013657833593749969 0.03642089027777773
1 0.38811014414062506 0.5746407520833333 0.020486752343750015 0.03884895416666667
1 0.40381665507812503 0.5843529895833334 0.040973503906249945 0.06312954861111106
1 0.274750116015625 0.5782828402777778 0.012292050781249975 0.016996416666666646
1 0.26450673984375 0.5831389604166667 0.010926267187500028 0.01699641527777784
1 0.29113951757812495 0.5709986625000001 0.012292050781249975 0.016996416666666646
1 0.1396513609375 0.43219459375 0.27861982812499997 0.8595330680555556