1 0.47051073203125 0.5480463361111111 0.01408112500000005 0.04112582499999999
1 0.495152701171875 0.5489403763888889 0.02313327734375008 0.03933774444444443
1 0.520800465234375 0.5453642180555556 0.038220197656249955 0.0786754944444444
1 0.406139873828125 0.5453642173611111 0.018104303906249973 0.04649006250000001
1 0.373451546484375 0.5319536222222223 0.037214402343749994 0.055430461111111065
1 0.44134268554687495 0.5516224958333333 0.05230132265625 0.08046357222222227
1 0.552985893359375 0.5784436868055555 0.08649834140625004 0.16629138472222224
1 0.23264029257812496 0.5516224958333333 0.10560843984374998 0.12337747777777781
1 0.323161813671875 0.5802317666666668 0.16595611953125006 0.21993376666666672
1 0.12363707070312502 0.5998791020833333 0.19286157734375003 0.15560598472222226
1 0.821533069140625 0.6294039499999999 0.2755877382812499 0.30754965833333336