5 0.28692423749999996 0.6051558270833334 0.030322245312500006 0.07499994861111109
1 0.3600931328125 0.5735152236111112 0.018457018749999988 0.030468724999999985
1 0.37064000078125003 0.5770308458333334 0.018457018749999988 0.028124980555555526
1 0.38580112265625 0.58171834375 0.030322245312500006 0.08437494027777777
3 0.25396527578125 0.5746870979166666 0.05668941406250001 0.07499994861111116
3 0.47347196093750005 0.5606246069444445 0.04746090468749999 0.11249992222222226
1 0.5011574886718749 0.58171834375 0.01582030078125003 0.046874965277777784
1 0.175522946484375 0.5852339659722222 0.09228509296875001 0.08203119305555553
1 0.126743683203125 0.5676558534722221 0.021093735156250015 0.018749984722222182
1 0.33108924687499997 0.57820271875 0.029003885937500008 0.03515622638888887
1 0.557846902734375 0.5840620909722222 0.055371055468750006 0.07499994861111109
1 0.42601105546874996 0.61687456875 0.10283195937499996 0.14062490416666668
1 0.766147540234375 0.6110151965277778 0.17929675078124996 0.1804686263888889
1 0.072600350390625 0.6321089326388889 0.14520070078125 0.39609347638888887