0 0.98404623515625 0.507966 0.026599571875000016 0.14644065000000003
0 0.961736917578125 0.50306286875 0.04376058515625001 0.16932200138888887
0 0.93685344765625 0.5061137152777778 0.01973516562499995 0.13576268611111106
1 0.52370204296875 0.35466094375 0.010296607812500014 0.013728809722222204
1 0.5164086125 0.3577117916666667 0.009438557812500026 0.013728813888888898
1 0.51040225625 0.3615253493055555 0.009438556249999942 0.015254234722222253
1 0.501821749609375 0.3683897541666667 0.009438555468750031 0.010677963888888956
1 0.49624442109375 0.37601687222222224 0.012012709374999986 0.016779658333333378
1 0.449051633203125 0.4143703819444445 0.049766939843750004 0.06254236111111106
1 0.600497579296875 0.4090314 0.04547668671874998 0.054915244444444435
1 0.5580240703125 0.37601687222222224 0.01887711562500005 0.016779658333333378
0 0.54086305625 0.36305077222222226 0.013728810937499957 0.024406775000000006
1 0.48239302773437504 0.3895277659722222 0.02059321484375003 0.02593219861111117
1 0.390152580078125 0.42003623472222223 0.06263770078125001 0.05949151388888888
1 0.45493540625 0.43300233541666666 0.05491524375000001 0.06711863472222225
1 0.541169500390625 0.4589345326388889 0.10210803203125005 0.16779657916666665
1 0.7995653375 0.4980507479166667 0.22909953125000007 0.26389825694444446
1 0.16587191640625001 0.5341161215277778 0.33174383281250003 0.40271178750000003