1 0.354738455078125 0.65003898125 0.012870772656250029 0.03536212083333328
1 0.362343910546875 0.65003898125 0.018721122656249988 0.031201870833333346
1 0.371704471875 0.6479588562499999 0.01638098281250002 0.031201870833333346
1 0.24943213945312498 0.6448386694444445 0.022231333593750024 0.02912174722222226
1 0.21081982421875 0.6562793555555556 0.015210912499999996 0.027041622222222214
1 0.19092863124999998 0.65627935625 0.03393203437499999 0.03536212083333336
1 0.039008430078125 0.6541992305555555 0.07801686015625 0.0894453638888889
1 0.3910106296875 0.6469187944444444 0.03393203437499999 0.04160249444444438
1 0.496316944921875 0.6396383569444445 0.09477568359375006 0.12272735833333333
1 0.28628935 0.6427585458333334 0.01170070156249996 0.016640999999999986
1 0.130670017578125 0.6552392930555555 0.018721122656249988 0.024961497222222167
1 0.76952832890625 0.6313178590277778 0.037442245312499976 0.031201870833333346
1 0.69873908359375 0.6177970479166667 0.03627217500000004 0.07072424027777784