1 0.2809184375 0.5784436868055555 0.06939983124999997 0.0840397319444445
1 0.353335653125 0.5775496479166667 0.037214403124999997 0.057218540277777744
1 0.39658482343749996 0.5775496479166667 0.02112168906249994 0.028609270833333353
1 0.44938904453125 0.5766556090277777 0.02816225000000001 0.05543046249999995
1 0.20648963203125 0.5793377277777777 0.071411421875 0.06794701944444444
1 0.00341969609375 0.5775496479166667 0.0068393921875 0.028609270833333353
1 0.12099708515625 0.5739734895833334 0.065376653125 0.042913906944444434
1 0.169778126953125 0.5766556090277777 0.024139072656249993 0.023245031944444446
1 0.322313953125 0.5713796520833333 0.0254607359375 0.04130238749999996
1 0.42675866484374997 0.5820198451388888 0.017098510937499967 0.023245034722222217
1 0.41670071796875 0.5730794493055555 0.011063742187500036 0.0196688736111111