1 0.45981687265625004 0.4855842763888889 0.010722885937499971 0.02079590000000001
1 0.46859014296875 0.4821182930555556 0.014622117187500016 0.027727866666666677
1 0.4871114921875 0.4838512826388888 0.0243701953125 0.034659834722222234
1 0.506120244921875 0.48818376388888884 0.013647310156249936 0.025994874999999952
1 0.519280151171875 0.4821182930555556 0.022420580468750017 0.027727866666666677
1 0.55144881015625 0.5055136805555556 0.10040520781249995 0.08145061111111115
1 0.61091208828125 0.5280425722222222 0.07311058749999999 0.12304241388888894
1 0.44616956289062504 0.48991675694444436 0.016571733593749992 0.01906290833333336
1 0.73159328828125 0.5268294847222222 0.21738215 0.23222089166666662
1 0.888781054296875 0.6126125756944444 0.22225618828125002 0.36739424583333335
1 0.377250636328125 0.49419148263888896 0.017546541406249984 0.05025675972222222
1 0.35726707500000005 0.4976574659722222 0.03411827500000002 0.060654709722222186
1 0.3465441890625 0.5054559284722222 0.032168659375 0.05545573472222224
1 0.331922070703125 0.5115214013888889 0.020470964843749995 0.05372274444444448
1 0.315837741796875 0.5123878944444444 0.035093083593750005 0.07625163611111105
1 0.25832407890625 0.5123878951388889 0.08968232187500003 0.11784343472222218
1 0.206171859375 0.5357832833333334 0.0945563609375 0.12997437777777776
1 0.08822011015625 0.5727537666666667 0.1764402203125 0.1854301138888889
2 0.40990669960937504 0.4696407576388889 0.061412894531249984 0.11784343749999995