1 0.6546180984375 0.5008290402777777 0.03838860000000004 0.0533175
1 0.6342241546875 0.48803284027777777 0.011996437500000035 0.023459700000000003
1 0.6246270042968749 0.4922982402777778 0.011996436718750036 0.01919430000000004
1 0.610831101171875 0.49869634097222226 0.020393944531249986 0.02345970138888889
1 0.58383911640625 0.5072271395833334 0.031190737500000055 0.031990498611111126
1 0.53345407890625 0.5168242909722223 0.07677719999999999 0.08957340138888886
1 0.44707972890625003 0.5424166902777778 0.1079679375 0.11090039999999995
1 0.31811802578125 0.5712081402777778 0.16914977031249995 0.17274869999999995
3 0.11437228320312501 0.5413503402777777 0.22874456640625002 0.5011845027777778
1 0.6924068765625 0.4901655402777777 0.020393943750000077 0.03199050000000001
1 0.7193988609374999 0.5061607902777777 0.02879145000000003 0.0767772
1 0.7349942296875 0.5168242895833334 0.035989312500000016 0.08104259861111109
1 0.74819031171875 0.5328195402777778 0.028791451562500025 0.10450230000000005
1 0.848360564453125 0.5296204895833333 0.19314264453125007 0.23886239861111105