1 0.389248290625 0.5900184604166666 0.010926267187499982 0.019424473611111163
1 0.376956238671875 0.5851623423611111 0.008194700781250041 0.019424476388888934
1 0.360566837109375 0.5900184611111111 0.01912096796874998 0.02913671388888888
1 0.329836708984375 0.5973026395833333 0.03687615390625001 0.04370507083333332
1 0.41383239257812504 0.5827342826388889 0.010926267968749936 0.01456835694444444
1 0.424075769921875 0.5730220444444445 0.012292052343750016 0.01942447500000005
1 0.42270998593750003 0.5900184604166666 0.01502361875 0.01456835694444444
1 0.42339287734375 0.6094429375 0.013657835937500007 0.024280597222222235
1 0.43090468632812495 0.6215832333333334 0.02048675234375006 0.029136713888888957
1 0.457537463671875 0.6276533833333333 0.04370507109375001 0.06070148888888885
3 0.446099007421875 0.5704205402777778 0.035510369531250065 0.06070148888888885
1 0.25701457851562504 0.6238378493055555 0.08589119296874999 0.08012596250000001
1 0.5833887136718751 0.5929668131944444 0.026006821093749986 0.05445789583333338
1 0.5478498753906249 0.5947011340277778 0.031413019531249996 0.041277012499999995
1 0.6127245910156249 0.5983432229166666 0.024584102343750035 0.024280593055555577