1 0.377988887890625 0.5488815826388889 0.036969572656250005 0.031973684722222215
1 0.5388564875 0.5542105291666666 0.08293174375000004 0.07460526388888893
1 0.48590007265625 0.5559868465277779 0.03497121718749998 0.06750000138888884
0 0.78615295234375 0.5515460555555556 0.0219819078125 0.10480263333333334
1 0.911549745703125 0.6741118472222223 0.17685444140625 0.42098684444444445
1 0.319536996484375 0.5426644763888889 0.00999177578124999 0.015986841666666626
1 0.31054439765625 0.5391118444444445 0.011990131250000013 0.01953947222222215
1 0.298054676953125 0.5408881611111112 0.012989310156250022 0.019539472222222225
1 0.2875633125 0.5382236861111112 0.013988487500000035 0.021315788888888833
1 0.26258387109375 0.5328947402777777 0.025978618750000005 0.021315788888888833
1 0.23160936445312502 0.531118425 0.03397203828125002 0.0319736861111111
1 0.43086506796875 0.5389604270833332 0.015596925000000006 0.020795901388888892