1 0.42655091640625004 0.3591784 0.022953412499999982 0.013602022222222211
1 0.593441353515625 0.36682953749999997 0.010520313281250004 0.02210328611111115
1 0.578617274609375 0.3676796638888889 0.021040628906249914 0.034005055555555566
1 0.563315 0.37618092638888895 0.01721506093749996 0.05440808611111115
1 0.6010924890625 0.37958143333333333 0.012433095312499986 0.03400505555555561
1 0.618785746875 0.3821318125 0.03634290468749999 0.059508847222222196
1 0.70294825859375 0.3846821902777778 0.045906824999999964 0.07821162777777779
1 0.73833476953125 0.38043156111111104 0.01912784375000003 0.03570531111111113
1 0.651781275390625 0.4008345930555556 0.06981662734374998 0.09011339722222221
1 0.532232253125 0.3906330777777777 0.06599106093750003 0.09691440833333331
1 0.8492762640624999 0.39870927638888887 0.17119420312499994 0.18022679444444442
1 0.929362151171875 0.5031048 0.13963326015625005 0.3723553583333334