1 0.49456569609375 0.5219527590277778 0.013183584375000024 0.02109373472222218
1 0.478086215234375 0.5254683819444443 0.011865225781249933 0.028124980555555526
1 0.599375194140625 0.5407027465277778 0.03559567890625006 0.05859370972222225
1 0.627060722265625 0.5348433743055556 0.03295896171874997 0.03281247916666664
1 0.283628341015625 0.5219527618055556 0.05273433828125 0.07265620138888886
1 0.34625036875 0.5219527583333333 0.06459956562500002 0.0539062138888889
1 0.5321389125 0.5242965090277778 0.01713866093749994 0.03046872916666664
4 0.7854193796875 0.5896223902777779 0.04846797968749996 0.059191852777777776
1 0.1465190609375 0.5407027458333333 0.0975585265625 0.07265619999999996
1 0.39634798984374997 0.5196090104166667 0.0250488109375 0.03515622638888887
1 0.4490823289062501 0.5313277527777778 0.0514159796875 0.08203119444444451
1 0.513681893359375 0.5301558798611111 0.030322244531249966 0.04218747083333333
1 0.5591652605468751 0.5535933631944444 0.06591792421874994 0.0890624375
1 0.6679298339843751 0.5688277270833333 0.09360345078124999 0.11015617361111106
1 0.046323816796875 0.5395308722222222 0.09228509296875 0.11249992222222219
1 0.8960058499999999 0.7645307166666667 0.2069822796875 0.468749675