1 0.13114608125 0.5363512604166667 0.11082768437500001 0.08756755416666664
1 0.8752285777343751 0.70783771875 0.24853682421874995 0.5290539652777777
1 0.73608052265625 0.6074998979166667 0.1508487921875 0.17878375416666661
1 0.661451369140625 0.5448203104166667 0.11447053359375 0.13995376805555554
1 0.203491930078125 0.5235809930555556 0.06259711640625003 0.07662160833333331
1 0.32853728242187497 0.5117228881944444 0.023899958593750003 0.04195945138888888
1 0.5467498964843751 0.5026012673611111 0.024628374218749992 0.04560810138888887
1 0.29687451484375 0.5190201826388889 0.05028292968749999 0.06020269027777777
1 0.570830244140625 0.5116974097222222 0.03995123984374995 0.05285444166666661
0 0.034171856640625 0.5190201826388889 0.025654557031250004 0.08939187916666663
0 0.013032637890625 0.5126350493055556 0.012519150781249998 0.09851349583333331
1 0.388717828125 0.5016891041666667 0.030785468750000034 0.04013513055555554