1 0.36075090078125 0.4255286763888889 0.03823640156249999 0.06797582777777775
1 0.33780905859375 0.4268881930555556 0.02753020781250002 0.06525679722222222
1 0.295749017578125 0.4398035986111111 0.07647280546874997 0.10468277222222216
3 0.4366597171875 0.36435043125 0.107061925 0.2678247569444444
0 0.14721014999999998 0.433685775 0.009941465625000001 0.06797582777777775
0 0.1347737625 0.4370845659722222 0.016059289062500003 0.06933534027777778
0 0.11068482890625 0.44184287361111113 0.016824015625 0.07069486111111113
0 0.09194899179687499 0.43504529305555556 0.017588746093749996 0.07885196388888889
0 0.18677526914062498 0.43640480555555555 0.01758874453124999 0.0761329222222222
0 0.641100201171875 0.42892746805555554 0.019882930468750004 0.06389727777777783
0 0.605540347265625 0.4302869833333333 0.014529833593750041 0.06661630833333337
1 0.7550882949218749 0.45715867569444446 0.16441653046875002 0.2623866875
1 0.03713178515625 0.4467616784722222 0.07341389375 0.2587613208333333