0 0.6610779140625 0.38999986319444446 0.008437496875000061 0.029999987499999985
0 0.6470505550781249 0.3928123638888889 0.005273438281249998 0.04687498611111115
0 0.6523239917968751 0.38999986458333336 0.005273436718750002 0.03749999027777772
1 0.6001169765625 0.4021873597222222 0.03164061406250003 0.046874983333333294
1 0.5653123015625001 0.40874985694444443 0.046406232812500024 0.05999997777777774
1 0.45615218359375 0.41437485486111114 0.01160155781250003 0.022499993055555556
1 0.468281085546875 0.4153123513888889 0.014765619531249996 0.016874994444444427
1 0.38232408515625 0.4162498541666666 0.015820304687499974 0.044999983333333264
1 0.3955076734375 0.4153123534722222 0.008437496874999973 0.039374987499999986
1 0.357011594140625 0.41249985624999996 0.03691405234374998 0.0674999763888889
1 0.304277236328125 0.4228123513888889 0.06855466171875002 0.08437496944444445
1 0.24257803984374998 0.43687484722222225 0.1117968359375 0.11624995833333335
1 0.08648434453125001 0.4865623277777778 0.17296868906250001 0.1818749361111111
1 0.429574072265625 0.40499985833333335 0.02847655234374997 0.029999988888888947
1 0.5009762175781249 0.4417965743055556 0.07910150859374995 0.10781242638888884