1 0.604560873046875 0.42198348541666664 0.03278344921875007 0.04679077638888892
1 0.555869365234375 0.40195284791666663 0.038232396093750065 0.06328120416666662
1 0.531479733203125 0.40781221944444446 0.013183585156249933 0.018749986111111148
1 0.5242287609374999 0.41484346527777777 0.011865226562499932 0.032812477777777835
1 0.5090676390625 0.41249971597222224 0.031640603125000055 0.046874968055555556
1 0.4840188281250001 0.40078097500000004 0.023730451562499956 0.028124980555555526
2 0.383164405859375 0.39140598125 0.07778315078125005 0.13124990972222222
3 0.321201558203125 0.39960910000000005 0.027685527343750006 0.03984372222222221
0 0.33768103828124996 0.4148434645833333 0.010546867187499975 0.05156246527777779
0 0.7727393332031249 0.3996091 0.010546867968750017 0.07265619999999996
0 0.796469785546875 0.40429659791666667 0.015820302343750026 0.07734369861111108
0 0.754941494140625 0.40898409375 0.014501942968750025 0.06328120694444439
0 0.723300890625 0.39726535138888897 0.006591792187500012 0.05390621111111113
0 0.712094843359375 0.39726535138888897 0.007910150781250014 0.04453121944444444
0 0.704184692578125 0.40429659791666667 0.010546867968750017 0.02578123194444449
0 0.6883643902343749 0.4042965965277778 0.007910150781250014 0.03046872916666672
0 0.675839984765625 0.41132784236111114 0.00659179296875001 0.02578123194444449
1 0.8782080101562499 0.4828121680555556 0.24257795781250008 0.3374997666666667
1 0.27703654921875 0.4335934520833334 0.0711913578125 0.07031245138888893
1 0.220347134765625 0.4031247229166667 0.06064448984375002 0.07499994861111109
0 0.8100653199218751 0.3942556173611111 0.013647310156249936 0.05025675972222222