1 0.48140377265625 0.5302302666666667 0.01998355156249998 0.030197369444444414
1 0.494393082421875 0.5302302659722222 0.009991775781250035 0.023092104166666714
1 0.5058836250000001 0.5266776354166667 0.01298930937499998 0.023092106944444406
1 0.5153758125 0.5320065819444444 0.0219819078125 0.030197369444444493
1 0.53436018828125 0.5373355298611112 0.02797697499999998 0.055065790277777735
1 0.574826882421875 0.5559868458333332 0.07493832265624993 0.09947368611111113
1 0.431944480859375 0.5346710569444445 0.012989310156249979 0.024868422222222207
1 0.4199543484375 0.5382236861111112 0.01698602031249994 0.035526313888888855
1 0.4009699734375 0.5497697402777777 0.03696957187500005 0.05506578888888885
1 0.37698971015625 0.5559868465277779 0.030974506250000023 0.06750000138888884
1 0.339520548828125 0.5666447395833334 0.08193256640625002 0.08171052638888886
1 0.9385275414062499 0.5995065819444445 0.12090049375000014 0.09059210555555555