2 0.42040924570312505 0.43436553333333333 0.04043499609375001 0.05098187222222224
2 0.46586276953125 0.43895390069444445 0.032118578124999964 0.036706945833333296
1 0.395342669140625 0.4412784861111111 0.02494925234374996 0.06525679444444445
1 0.3752685578125 0.4405137583333333 0.03756726562499999 0.08004153611111103
1 0.35433412734375 0.44841594722222217 0.030111167187499975 0.10196373888888885
1 0.345848260546875 0.45223958819444443 0.032692124218749986 0.10553247083333335
1 0.313442909765625 0.46141632499999996 0.053339782031250005 0.13714123055555558
1 0.47445290195312506 0.45193834583333337 0.025809571093749994 0.047922958333333314
1 0.49994965625 0.4606052638888889 0.03670694687499996 0.07953171666666665
1 0.51629571875 0.47054672777777773 0.04301595312500002 0.10247355833333331
1 0.529774050390625 0.471821275 0.04760432109375001 0.10604228888888893
1 0.58423484453125 0.4924225680555556 0.12388594531250004 0.15243579166666663
1 0.24734172460937504 0.4708016381944445 0.13851136796875002 0.1611027097222222
1 0.868505530078125 0.5819819444444444 0.25981635546875 0.4848375833333334
0 0.753107395703125 0.5140326694444445 0.037280492968750065 0.2080060277777777