1 0.4042849109375 0.6335128416666667 0.041626840624999994 0.12558130555555558
1 0.317246973046875 0.6256640118055555 0.17533729296875006 0.2220098125
1 0.49668388085937504 0.6099663465277778 0.015137033593750005 0.03812289305555557
1 0.47397833125 0.6144513944444444 0.03531974375000004 0.051578033333333356
1 0.651838462890625 0.6379978888888889 0.045411099218750015 0.0852158861111111
1 0.684635366796875 0.6503317680555556 0.07063948515625 0.10091355
1 0.526957944921875 0.6256640131944444 0.052979613281250074 0.08297336527777775
1 0.591395463671875 0.6499580368055556 0.08451509921875004 0.13230887638888894
1 0.804785562890625 0.666029429861111 0.21444129453124994 0.23546495138888895
1 0.46357162109375 0.6234214868055555 0.04414967812500006 0.06054812916666666
1 0.135287228125 0.6933134652777778 0.27057445625 0.3206808361111112
1 0.025095159765624996 0.7907251979166667 0.04774171953125 0.23994999861111121