0 0.13652036796875 0.5938756131944445 0.030421824999999993 0.16849010416666663
0 0.210819823828125 0.6094765486111111 0.03159189453125002 0.1580894805555555
0 0.250017175390625 0.5886753013888889 0.028081683593749983 0.13728823333333326
0 0.27049340234375 0.5637138048611111 0.015210912499999996 0.07904473749999993
4 0.286289349609375 0.6635597916666667 0.10764645546875 0.08736523888888893
0 0.35883370000000003 0.5938756111111111 0.01638098281250002 0.0811248611111111
0 0.34537789296875 0.5824349270833333 0.012870771874999987 0.09984598750000002
4 0.553065348046875 0.7145228486111111 0.15678940234375 0.2350540972222222
1 0.608643680859375 0.5865951777777778 0.04797287734375004 0.07488449166666666
1 0.641990680859375 0.5886753013888889 0.025741542968749975 0.045762744444444475
1 0.6735825753906249 0.607396425 0.051483086718749946 0.06656399166666663
1 0.7496371359375 0.6219572979166667 0.0959457546875 0.08736524027777774
1 0.844412819140625 0.6510790430555556 0.2854971210937499 0.18721122777777777
4 0.9035013632812501 0.6791607291666667 0.16732003281250005 0.21009259999999996
1 0.8970659769531251 0.8070884020833334 0.2035922085937501 0.38274295416666665