2 0.260389901953125 0.5811933194444445 0.07800226015625 0.09176736666666672
1 0.36018691171875 0.6140256555555555 0.009176737499999987 0.010196372222222215
1 0.34412762148437503 0.6160649305555554 0.016059288281249983 0.01427492222222221
1 0.31889159765624997 0.6130060201388888 0.025236024999999974 0.020392748611111088
1 0.400335134765625 0.6130060187499999 0.01376510390625003 0.01631419861111109
1 0.48579349453125004 0.6079078305555555 0.01950056562499993 0.01427492222222221
1 0.46973420546875 0.6119863805555555 0.017206381250000024 0.0224320222222222
1 0.45711619140625004 0.6221827548611111 0.017206381250000024 0.01835347361111109
1 0.379687476953125 0.6191238270833334 0.020647657031250023 0.028549845833333306
1 0.41123250859375 0.6211631027777778 0.017206381249999937 0.0203927472222222
1 0.43761562734375004 0.6191238270833334 0.02179475000000002 0.028549845833333306
1 0.19787338359375 0.60688819375 0.05391332812500001 0.04078549583333329