1 0.477540981640625 0.5105234166666667 0.011694682031249926 0.019404511111111116
1 0.44713480703124997 0.50151418125 0.017931845312500007 0.02910676527777775
1 0.418287925 0.5084443624999999 0.027287593750000026 0.04851127499999998
1 0.38866139648437503 0.4980490895833333 0.025728300781250057 0.04435316527777778
1 0.554725885546875 0.5209186902777778 0.03508404765625004 0.04019505833333336
1 0.582013476953125 0.5285418916666667 0.02572830234375001 0.04158109444444449
1 0.605013019140625 0.5299279263888889 0.031185819531250037 0.05266938333333337
1 0.6400970656249999 0.5313139645833334 0.037422984375000024 0.04989730972222222
1 0.684926682421875 0.5403232027777777 0.05691412109374996 0.04851127777777775
1 0.7483378503906251 0.5437882923611111 0.07874419453124996 0.07484596527777777
1 0.840725841796875 0.5659648743055555 0.11538753203125003 0.09147840416666671
1 0.1872529765625 0.51052341875 0.1114893046875 0.13305949861111113
1 0.298742281640625 0.5479464006944444 0.17697952578125 0.2772072875
1 0.071601503125 0.5195326576388889 0.14320300625 0.22869601249999993
1 0.9487067417968749 0.591606551388889 0.10057426796874988 0.11504102222222225