2 0.43227047070312496 0.4249104125 0.025949886718750027 0.02913671388888888
2 0.379687805078125 0.42126832430555555 0.03277880390624999 0.021852537500000026
1 0.40905215156249997 0.44312085902777776 0.020486754687499963 0.0267086513888889
1 0.41588106953125 0.4661874263888889 0.03141302187499999 0.03399283333333329
1 0.381053588671875 0.45647518750000005 0.035510371093750014 0.04370506944444443
1 0.33871430078125 0.44676294861111104 0.043705071875000015 0.09226626111111114
1 0.6330406414062499 0.46497339583333336 0.06419182499999998 0.08983819999999997
1 0.515583261328125 0.5232468243055556 0.17345450234374998 0.3083635569444445
1 0.19325836289062498 0.5305310020833334 0.22808584140625002 0.24523400972222223
1 0.643284016796875 0.41398414652777776 0.046436639843749995 0.026708656944444444
0 0.956594744140625 0.42952372708333336 0.03277880390625008 0.13839939027777778