1 0.89999115234375 0.46698800555555553 0.19774185625000004 0.1851311027777778
1 0.7589976972656249 0.44306656875000006 0.12870771796874997 0.11232673472222222
1 0.694643837109375 0.4316258833333333 0.06552392890625 0.08944536388888882
1 0.6144940316406251 0.42122525833333335 0.050313017968750005 0.056163366666666624
1 0.579976962109375 0.41394482361111107 0.032761964843749956 0.045762744444444475
1 0.5624259089843751 0.41186469861111114 0.016380982031250026 0.04992299444444441
1 0.521473453515625 0.4035442 0.018721122656249988 0.024961497222222247
1 0.5097727507812501 0.4025041354166667 0.014040842187500058 0.018721120833333296
1 0.49339176875 0.39938395 0.00936056093750004 0.016640997222222294
1 0.48169106796875 0.39730382500000005 0.009360562500000036 0.02080124722222223
1 0.46882029570312495 0.3983438875 0.009360561718750039 0.01872112222222226
1 0.462384909765625 0.39730382500000005 0.010530632031250065 0.02080124722222223
1 0.454194418359375 0.3941836381944444 0.015210911718749998 0.031201870833333346
1 0.43605833085937495 0.39626376319444445 0.03276196484375005 0.047842865277777785
1 0.39627594570312497 0.4118646972222222 0.03744224765624997 0.04160249166666669
2 0.2511262921875 0.42122525833333335 0.21295277031249998 0.1518491055555555
1 0.034663309765625 0.45985614375 0.06786406796875001 0.08112486527777776
0 0.8188385906250002 0.4999681125 0.027294620312500052 0.2062260138888889
1 0.086270494140625 0.4358474194444445 0.06531212578124998 0.06065471111111115