1 0.09116903281250001 0.49059592986111106 0.1819555921875 0.33656525972222223
1 0.103168727734375 0.43467169375 0.20633745546875 0.20941838472222224
1 0.141653819921875 0.4094292986111111 0.12516020546875 0.08788092777777778
1 0.389344815625 0.4514999548611111 0.039967125000000034 0.04861497916666669
1 0.42563075664062494 0.4496301506944445 0.036811825781250015 0.03739614027777781
1 0.451399033203125 0.4486952458333333 0.021035328906249973 0.035526330555555555
3 0.46402023124999997 0.4309320784722222 0.023138862500000013 0.04861498194444446
1 0.499254407421875 0.44963014791666667 0.036811824218749935 0.0635734375
1 0.528703866015625 0.5029196493055555 0.08519307890624991 0.13649590972222225
1 0.5413250640625 0.41971323680555556 0.0178800296875 0.03365652638888893
3 0.829509064453125 0.4271924638888889 0.20299092109375003 0.2842106638888889
1 0.926797459765625 0.4759610402777778 0.14514376640624996 0.3736542027777778
1 0.70750416015625 0.44495563125 0.04522595625000001 0.13275629583333337
1 0.5670933406249999 0.42999717499999995 0.027345925000000014 0.03926594722222221
1 0.5281779828125 0.4243877541666667 0.012621196874999985 0.031786722222222216