0 0.24144087070312503 0.5899214618055555 0.01582030234374998 0.06796870416666663
0 0.166953616015625 0.6145308215277778 0.019775375781249993 0.09843743194444446
0 0.03775448671875 0.6110151986111111 0.027685528125000004 0.13828115555555556
0 0.107627484765625 0.6485151715277777 0.09360345078125 0.29296855138888883
0 0.197935041015625 0.6215620645833334 0.03164060390624999 0.19218736527777772
0 0.25726117226562495 0.6332808076388889 0.029003886718750004 0.14062490416666668
0 0.29285685 0.6121870729166667 0.04218747031249999 0.2109373569444444
0 0.311973048828125 0.6051558277777777 0.022412094531249992 0.1312499111111111
0 0.65804214609375 0.6098433229166667 0.013183584375000024 0.04687496250000001
0 0.64683609921875 0.5969527076388889 0.01186522656250002 0.04921871527777771
4 0.08060113554687501 0.639140179861111 0.031640603906249995 0.0914061875
1 0.358115594140625 0.5770308458333334 0.017138660156249985 0.028124980555555526
1 0.35020544296875 0.5899214625000001 0.03032224531249996 0.03984372222222221
1 0.33768103789062504 0.6004683305555555 0.02636716640625001 0.04687496944444444
1 0.320542379296875 0.6039839520833333 0.02109373671874999 0.053906212500000016
1 0.5446633171874999 0.59812458125 0.018457018750000033 0.037499973611111174
1 0.528183836328125 0.6028120784722222 0.019775377343749945 0.07499994583333332
1 0.591465042578125 0.6332808090277777 0.06459956484375003 0.07968744583333331
1 0.43919464062499997 0.721171373611111 0.22675765781249999 0.3398435166666666
1 0.822836955859375 0.7199994965277778 0.35332007109374997 0.45937468194444453