1 0.376572613671875 0.5395308722222222 0.038232396093749975 0.10781242499999995
1 0.398325528125 0.5020308979166667 0.02109373593749999 0.02812498194444449
1 0.561801978125 0.5101773715277778 0.021093735937500035 0.030355437500000054
1 0.5901466843750001 0.5102340180555556 0.022412093749999952 0.025781230555555604
1 0.6053078078125 0.5078902680555556 0.013183584375000024 0.025781230555555604
1 0.6428810238281251 0.5324996263888888 0.06723628203125002 0.08906243888888889
1 0.440512999609375 0.5055465201388889 0.010546867968750017 0.02578123194444449
1 0.07598688203125001 0.5371871236111111 0.0856933 0.12656241388888886
1 0.155747569140625 0.5465621166666667 0.15820301640624995 0.17343738055555555
1 0.298130284375 0.5524214888888889 0.13710928124999996 0.17109363055555554
1 0.48467800781250003 0.5336715006944445 0.06987300000000003 0.1054686791666666
1 0.42007844218749996 0.5067183951388888 0.035595678124999974 0.046874968055555556
1 0.538730704296875 0.5043746451388889 0.027685528906249958 0.03281247638888895
1 0.8030615769531251 0.5723433486111111 0.31904274921875003 0.3515622583333334
2 0.9566503390625 0.4750777902777778 0.08569330000000015 0.26015607222222226
1 0.017229294921875 0.5676558527777777 0.03445858984375 0.18749987222222222