1 0.343432382421875 0.5589839909722222 0.017138660156249985 0.03515622638888887
1 0.35661596757812497 0.5601558631944444 0.01713866328125002 0.03281247638888887
1 0.46142546523437494 0.5484371229166666 0.02373045390625004 0.04218747083333333
1 0.440990908984375 0.5542964930555556 0.025048811718749953 0.03984372222222221
1 0.31376931484375004 0.5542964944444445 0.03691403750000002 0.06328120833333337
1 0.8252924015625 0.6617182819444444 0.34804663593750007 0.3890622305555555
1 0.55502891640625 0.5512496145833333 0.07910150937499996 0.17812487916666667
1 0.10085442265625 0.5090621513888889 0.2017088453125 0.42656218888888886
1 0.29399393828125 0.5675777458333333 0.052734339062499955 0.06796870277777774
1 0.9289648113281249 0.7856244555555556 0.14106435703124998 0.32812477222222225
1 0.3845651609375 0.5505464993055555 0.03559567968749997 0.04921871527777778