1 0.490354384765625 0.4905210034722223 0.039588242968750006 0.049052101388888915
1 0.52334458828125 0.5118480020833333 0.03838860000000004 0.06611370138888893
1 0.55093639375 0.5171797513888888 0.05998218749999999 0.07251179999999996
1 0.30440960234375003 0.4947864027777778 0.020393943749999987 0.0618483
1 0.27441850898437503 0.49691910277777773 0.04678610703124999 0.06611370000000005
1 0.20363952734375 0.4990518013888889 0.10676829374999999 0.12156390000000007
1 0.021293676953125 0.5630328006944445 0.03958824296875 0.1471563013888889
1 0.430372196484375 0.5342413500000001 0.10676829296874998 0.17061600000000002
2 0.34819659921875 0.4649286027777778 0.091172925 0.15568710000000002
1 0.7026913289062501 0.5832934506944445 0.1787469203125 0.1919430013888889
1 0.86164412578125 0.6558052520833333 0.2759180640625001 0.3284358013888888