0 0.343876605859375 0.4799274756944445 0.021119257031249995 0.10120919583333329
0 0.6337307675781251 0.4812878291666667 0.013161286718750009 0.06366384999999997
0 0.45115632109375003 0.48210403333333335 0.018364571875000023 0.0848851305555555
0 0.45880823515625 0.4829202354166666 0.0128552 0.0865175347222222
1 0.44595303632812494 0.4616989527777777 0.014691658593749945 0.034280533333333335
1 0.4363116343750001 0.4665961701388888 0.013773429687500015 0.040810156944444426
1 0.42024263515625 0.46088275000000006 0.04040205781249995 0.04897219166666665
1 0.41702883515625 0.4747582055555556 0.043156743750000004 0.053869411111111036
1 0.46661317812499997 0.4600665493055555 0.01193697187499998 0.014691656944444433
1 0.47349989218750005 0.4649637659722222 0.00734582968750006 0.017956470833333387
1 0.4790092644531249 0.4665961715277777 0.007345828906249974 0.024486095833333287
1 0.48360040742187493 0.46986098472222215 0.009182285156250015 0.027750908333333355
1 0.495996494140625 0.4682285770833333 0.013773428906250018 0.02775090694444439
1 0.6328125515625 0.4744861291666667 0.03948382968750001 0.06203144166666669
1 0.8928242980468749 0.534885163888889 0.15058948828125002 0.2970979611111111
1 0.9422337289062501 0.6107531895833334 0.11386034375000005 0.5330972763888889
1 0.166920839453125 0.5342632986111111 0.33384167890625 0.48086029999999996
3 0.5211603105468751 0.4596389986111111 0.031219772656249933 0.06856106666666667
1 0.39536299374999995 0.4868069020833333 0.04591142968750002 0.06692866249999996
1 0.575794910546875 0.4770124645833333 0.05233903046875001 0.07998791527777777