1 0.419237992578125 0.4660153055555556 0.007910150781250014 0.021093736111111146
1 0.41132784257812494 0.46249968472222225 0.010546867968750017 0.023437483333333377
1 0.40473604921875 0.4671871812499999 0.01054686718750002 0.02812497916666664
1 0.39616671953125 0.4718746791666667 0.011865226562499975 0.028124983333333298
1 0.37045872890625003 0.46367155833333334 0.04746090468750004 0.07265619999999996
1 0.3216794671875 0.49062466527777776 0.06064449062499997 0.08906244166666666
1 0.44230926640624996 0.4648434326388889 0.006591792187500012 0.02812497916666672
1 0.430444040234375 0.4671871819444445 0.01713866015624994 0.037499977777777756
1 0.545800405078125 0.4664059291666667 0.036914036718749973 0.0749999472222222
2 0.47724576562500004 0.4495309430555556 0.010546868750000016 0.04687496944444444
2 0.49108852890625004 0.45070281805555557 0.022412093749999952 0.05859371111111113
2 0.528002566796875 0.4448434493055556 0.05668941484375001 0.09374993472222223
3 0.615673405078125 0.4406246958333333 0.11337882890625002 0.16406238611111107
3 0.680932148828125 0.4851559173611111 0.11469718671875002 0.13124990972222222
1 0.753090244140625 0.4323556388888889 0.07321295546875009 0.053774336111111154
5 0.7132319316406249 0.42421845833333327 0.036914036718750064 0.028124980555555526
1 0.23796370429687502 0.5144527701388889 0.14370107265625 0.1429686513888889
1 0.07548913828125 0.5633052763888889 0.1509782765625 0.44765594166666667
1 0.726231844921875 0.5181645256944445 0.07603501171874996 0.11437745416666666
1 0.877814465234375 0.47137374930555553 0.24272715390624997 0.36739424583333335
5 0.14475896523437498 0.4999681131944445 0.028269427343749997 0.05025675972222222