1 0.28666242460937497 0.5697595486111111 0.026675263281250007 0.03298969722222217
1 0.38234543046875 0.5584193409722222 0.016237115624999986 0.035051554166666596
1 0.369007799609375 0.5615121263888889 0.022036085156249996 0.032989697222222246
1 0.337693359765625 0.546048204861111 0.024355674218749977 0.03092784027777774
1 0.316237172265625 0.5646049076388889 0.03943299609374997 0.051546401388888954
1 0.25341498984375 0.5690722604166667 0.05219072968750003 0.04536083194444447
1 0.34677840742187505 0.5886598916666667 0.04871134765625 0.07628867222222221
1 0.42719079492187506 0.601031025 0.09974228359375 0.162886625
0 0.5668493207031251 0.5793815395833333 0.006958764843750043 0.05154640138888888
0 0.5332152953125 0.5824743222222222 0.011597940625000015 0.053608258333333304
0 0.72197176875 0.5793815395833333 0.024355673437499982 0.11340208194444451
0 0.635857064453125 0.5721650416666667 0.012757733593750053 0.05773196944444447