0 0.5927834019531251 0.5442183687500001 0.00659179296875001 0.03281247638888887
0 0.5861916093749999 0.5430464951388889 0.006591792187500012 0.03515622638888887
0 0.5769631000000001 0.5395308722222222 0.00922850781249993 0.037499974999999984
0 0.5710304871093751 0.5324996263888888 0.007910150781250014 0.037499974999999984
1 0.43919464062499997 0.5207808840277778 0.013183584375000024 0.02343748194444441
1 0.427329414453125 0.5219527583333333 0.021093736718749943 0.021093733333333295
1 0.44380889570312493 0.5547652368055556 0.022412094531250037 0.04921871527777771
1 0.422715159765625 0.5582808604166667 0.03559567890624997 0.05624996249999994
1 0.398984707421875 0.5407027458333333 0.019775377343750032 0.04453121944444444
1 0.513681894140625 0.5090621430555555 0.009228510156250013 0.018749986111111148
1 0.5209328656250001 0.5114058902777778 0.013183584375000024 0.018749988888888916
1 0.528183836328125 0.5184371368055556 0.009228510156249925 0.02343748472222226
1 0.6507911746093751 0.5840620909722222 0.09887688515625 0.13593740694444445
1 0.44644561210937506 0.5137496381944444 0.011865225781250021 0.02343748472222226
1 0.455674121875 0.5137496402777778 0.01186522656250002 0.018749988888888916
1 0.49917995078125 0.49968714791666663 0.01186522656250002 0.014062490277777803
1 0.4873147246093749 0.5055465201388889 0.011865225781250021 0.02109373472222226
1 0.537412346484375 0.5242965076388889 0.01713866015624994 0.02578123194444441
1 0.48797390390624995 0.5617964819444444 0.06064449062500001 0.08671869166666665
1 0.030503515624999998 0.6250776881944445 0.06064449062499999 0.23671858750000002
1 0.803720756640625 0.6051558277777777 0.26499005078125004 0.22031235
1 0.22034713437500003 0.5910933368055555 0.408691125 0.3890622319444444
1 0.941489216796875 0.6485151715277778 0.11601554453125011 0.2507810791666667