1 0.47236725625 0.5297954138888888 0.009566931250000011 0.017007877777777795
1 0.42214086679687507 0.524905676388889 0.007175200781250002 0.019133861111111056
1 0.5581108808593751 0.5317088208333334 0.03707186171875003 0.03614174444444447
1 0.498915489453125 0.5274568513888889 0.026309063281249934 0.027637805555555575
1 0.52761628359375 0.5242678729166667 0.03109252812500003 0.02976378472222226
1 0.587768373046875 0.5380867743055556 0.03707185859375004 0.02763780416666669
1 0.6290257640625001 0.5359607902777778 0.05500985624999997 0.04889764999999997
1 0.7073550187500001 0.5604096187500001 0.04185532656249995 0.04677166527777775
1 0.681643889453125 0.5529686708333332 0.04065946171875003 0.04464568055555552
1 0.749808278125 0.5519056756944445 0.05500985781250005 0.06803151249999999
1 0.7832925386718751 0.5604096173611112 0.05500985703125005 0.06377954305555554
1 0.8593496734375 0.5567954333333333 0.1344153828125001 0.11182678055555557
1 0.41078013320312506 0.5304332152777778 0.01793799609375002 0.029763788888888833
1 0.438285062890625 0.5283072347222222 0.02511319296874994 0.03826772777777781
1 0.3904504015625 0.5240552645833334 0.026309060937500028 0.029763787500000027
1 0.36713100585937497 0.5233466145833333 0.01674212890625002 0.03614174027777774
1 0.349193010546875 0.5201576361111111 0.016742132031250013 0.034015758333333285
1 0.318100481640625 0.5254725993055556 0.02391732890624998 0.02763780416666661
1 0.29537901835937497 0.5343308625 0.031092528906249983 0.07653545555555555
1 0.266678221875 0.5353938541666666 0.05740159062500001 0.08716537777777779
1 0.22721463007812498 0.5375198381944445 0.06936025703125001 0.11692916527777782
1 0.12795771250000001 0.5492127548611111 0.1458957109375 0.17433075694444444
1 0.039662905468749995 0.563740325 0.07932581093749999 0.2444882527777777