1 0.3622850296875 0.43874984652777776 0.017929681250000006 0.020624993055555527
1 0.4065818890625 0.4403569826388889 0.04324217343750005 0.05624997916666672
1 0.44138656484375005 0.4487944770833333 0.03902342499999998 0.061874979166666656
1 0.4572068710937501 0.4609819756944445 0.01792968124999996 0.05624998194444441
1 0.469863116796875 0.46660697291666664 0.02003905546875 0.06749997638888883
1 0.48357404960937506 0.47223197083333335 0.024257803906249986 0.071249975
1 0.5236521609375 0.47035697152777783 0.06855466406250006 0.11249995972222225
1 0.641174443359375 0.45160697847222225 0.06011716640625 0.052499984722222275
1 0.9004768125 0.45723197569444446 0.062226540625000125 0.05624997916666672
1 0.579324580859375 0.5058480368055556 0.12234370703124994 0.14437494861111105
1 0.38352944570312497 0.4358034159722222 0.013710932031249979 0.018749993055555574