1 0.084808282421875 0.6680683111111111 0.16961656484375 0.29980756944444437
1 0.66189452734375 0.6169450541666666 0.1988608 0.15250327222222218
1 0.329972455859375 0.5779527395833333 0.05361443203124998 0.07105265972222223
1 0.44353756914062503 0.5727537645833334 0.04484116015624995 0.06065470972222226
1 0.38358688789062495 0.5658217986111111 0.038017507031249974 0.0537227444444444
1 0.41575554648437496 0.5658217986111111 0.02242058046874993 0.043324794444444516
1 0.286593506640625 0.5580233354166666 0.029244235156249986 0.0415918013888889
1 0.176927624609375 0.5883506923611111 0.03996712109374998 0.05372274305555559
1 0.202760031640625 0.5805522298611111 0.02339538828125003 0.038125818055555524
1 0.21981916874999996 0.5710207743055556 0.020470965624999993 0.032926843055555585
1 0.23346647968749998 0.5666882930555556 0.014622118749999968 0.03119385000000005
1 0.24565157734375004 0.5614893194444445 0.011697693750000005 0.027727866666666677
1 0.255399655859375 0.55629034375 0.015596925781250003 0.02426188472222227