0 0.12393944453125001 0.2972797986111111 0.024919042187500007 0.11191709722222226
0 0.217057972265625 0.30544042222222223 0.01704987265625002 0.09559585555555555
0 0.14098931718750002 0.28445596180555555 0.014426814062499993 0.08160621805555554
0 0.15082578164062502 0.3007772083333334 0.015738342968749985 0.08626942777777774
0 0.187548578515625 0.2926165875 0.015738341406249988 0.09326425
0 0.0800032390625 0.27862695 0.015738343750000005 0.07461140000000002
0 0.845280133203125 0.3718911986111111 0.020984455468749986 0.10259067499999995
0 0.72855409609375 0.35556995486111115 0.01573834218750001 0.08393782361111109
0 0.71871763125 0.3567357597222222 0.014426815624999988 0.09559585833333333
0 0.708225403515625 0.36839378819444446 0.017049871093750023 0.1049222791666667
0 0.06426489804687499 0.29961140347222226 0.03147668359374999 0.11191710138888883
1 0.32132448828125 0.28329016249999994 0.010492228125000036 0.023316061111111116
1 0.331160951171875 0.29145078541666664 0.01180375546875001 0.030310881944444448
1 0.35083388125 0.2961139958333333 0.0301651578125 0.05362694444444445
1 0.382310565625 0.30544042222222223 0.043280442187499976 0.05829015555555554
1 0.422312184765625 0.32176166388888894 0.041968913281250055 0.06295336666666668
1 0.573137965234375 0.4126943097222222 0.25968264765625 0.39404145833333326
1 0.301651560546875 0.2867875715277778 0.026230569531250005 0.030310879166666676