0 0.0172193953125 0.5821431340277777 0.034438790625 0.14693884027777782
0 0.773724855078125 0.5385206631944445 0.06198982265624995 0.2892858430555556
0 0.8179212847656251 0.5498726958333333 0.03443878984374997 0.2204082611111111
0 0.639700541796875 0.48941348541666674 0.012053575781250015 0.03826532361111114
0 0.62118969140625 0.48788287013888887 0.019802304687499994 0.06581635416666672
0 0.593638659375 0.48788287152777776 0.007748728125000071 0.038265323611111055
1 0.1752073484375 0.5827043395833333 0.1885523796875 0.19438784027777778
1 0.321572210546875 0.5418369770833333 0.07834824921874999 0.09183677361111112
1 0.424458099609375 0.5073981875 0.07059952109374996 0.04438777499999994
1 0.597943508203125 0.6753064340277778 0.22471311171875002 0.33367364305555564
1 0.35773294101562503 0.5257655409722222 0.05424109765625 0.08265309861111116
1 0.53035738046875 0.5670920916666666 0.11536994843750001 0.20204090833333338
1 0.47740773945312504 0.4943879756944444 0.012914547656249997 0.019897968055555597
1 0.466645618359375 0.5012757340277777 0.013775516406249988 0.021428581944444462
1 0.45717495039062506 0.4951532847222222 0.010331636718750037 0.015306130555555578
4 0.9130238933593748 0.5998590291666667 0.06160972578125001 0.15028315277777776