1 0.511523258984375 0.49433018680555557 0.016874994531249944 0.01687499305555554
1 0.533671688671875 0.48964268819444445 0.01687499453125003 0.03374999027777774
1 0.5431638718749999 0.4868301881944444 0.02109374374999993 0.031874990277777786
1 0.5616208968749999 0.4830801902777777 0.04957029531249999 0.06562497499999999
1 0.49833966914062505 0.4905801888888889 0.015820307031250015 0.02062499166666672
1 0.45509749765625 0.49808018472222226 0.022148429687500037 0.0318749888888889
1 0.44296859609375006 0.5018301847222222 0.021093743750000015 0.03937498888888887
1 0.59287918359375 0.48506232986111114 0.09281246718750005 0.07687497361111113
1 0.482664379296875 0.4934998270833333 0.02425780546875007 0.029999990277777756
1 0.4083089359375 0.5131873201388889 0.052734356250000045 0.061874979166666656
1 0.6867463386718751 0.5206873194444444 0.17718743828125003 0.16687494722222224