1 0.54871969296875 0.2658340375 0.004588368749999993 0.006117824999999992
1 0.5452784167968749 0.2699125875 0.008029644531249946 0.008157099999999988
1 0.540116501953125 0.2770500486111111 0.008029644531250036 0.01427492222222221
1 0.5638913574218749 0.26867445624999997 0.005161913281250019 0.011216009722222213
1 0.569913590234375 0.27173336736111114 0.008029644531250036 0.011216012499999985
1 0.57364163984375 0.2814199229166667 0.00975028281250001 0.014274923611111094
1 0.591134794921875 0.28804756458333336 0.014912197656249937 0.013255284722222212
1 0.6015064070312499 0.3020675798611111 0.00917673593750008 0.022432023611111122
1 0.614697966796875 0.29747921041666664 0.02523602578125006 0.017333834722222205
1 0.615558284765625 0.3163425034722222 0.02236829609375004 0.03058912083333334
1 0.50592498125 0.30181266874999996 0.012044467187500008 0.016314198611111132
1 0.53603614765625 0.27989046666666667 0.009176735937499991 0.0112160111111111
1 0.5185116843750001 0.29005497569444444 0.0166328359375 0.01631419861111109
1 0.564682141015625 0.29209425069444445 0.011470921093750076 0.01631419861111109
1 0.554358312109375 0.29005497569444444 0.011470921093749985 0.020392748611111126
1 0.47919771445312503 0.3282913791666667 0.036133400781250026 0.04588368333333336
1 0.577456579296875 0.2905647944444445 0.01261801328125003 0.015294561111111094
1 0.497116684375 0.3081694743055556 0.011384023437500002 0.01583624305555556
1 0.4618001546875 0.34055889305555553 0.04416304531250006 0.06117824444444441
1 0.59017887265625 0.31251886180555555 0.024088934375000016 0.03772658472222222
1 0.637209648046875 0.3201661430555556 0.03555985390625001 0.04894259722222224