1 0.55244986328125 0.3895563222222222 0.023425435937499996 0.03296913055555556
1 0.6129655726562501 0.41558458472222226 0.031233914062500024 0.04685087222222227
2 0.5134074703125 0.3574548 0.023425435937500082 0.03470435
1 0.517799739453125 0.3982324104166666 0.03220997421875005 0.05379174027777778
1 0.5748992394531249 0.41558458611111115 0.04685087109374999 0.06073261111111105
1 0.6632326531249999 0.4277311069444445 0.08882144374999994 0.10931869999999996
1 0.7657189363281249 0.4398776305555556 0.04197057265625004 0.06767348055555553
1 0.8262346457031249 0.46850871875 0.09272568359375004 0.12493565694444442
1 0.902367312109375 0.49887502430555547 0.1356723179687501 0.1648456597222222
1 0.958490752734375 0.5630780715277778 0.07808478671875001 0.19955000972222217
1 0.7125236746093749 0.5162271986111111 0.18740348671874996 0.19955000833333336
1 0.27506232890625 0.5622104631944445 0.548918709375 0.7773774291666667