0 0.20197258554687503 0.5156248194444444 0.09386715390625003 0.37499986944444447
0 0.06960935078125 0.42749984930555557 0.03585936249999999 0.17624993749999998
0 0.03638670703125001 0.47906233263888887 0.0706640375 0.38062486805555557
0 0.004218749609375001 0.6412497743055555 0.00632812265625 0.11999995416666659
1 0.561093553125 0.42870521180555554 0.016874993749999945 0.031874987500000014
1 0.5183787246093751 0.41933021319444447 0.017929680468750053 0.02812498750000003
1 0.49570295117187496 0.41933021319444447 0.021093741406250022 0.02812498750000003
1 0.48410139296875 0.4718301944444445 0.06117185312500002 0.1818749361111111
3 0.619101345703125 0.4143748555555555 0.05906247890625007 0.09374996944444444
1 0.538945123046875 0.4218748520833333 0.02742186328125005 0.041249984722222244
1 0.349101440625 0.5578123041666667 0.26999990468749996 0.39562486388888884
2 0.8590426683593749 0.38531236597222224 0.27949208984374996 0.1856249375
1 0.778659119921875 0.7069736881944444 0.44263569296874994 0.5826315819444444