1 0.367502557421875 0.5944161618055556 0.15791887109375002 0.22182294027777777
1 0.096993380078125 0.5398269222222223 0.14329675390625002 0.14730429722222224
1 0.839796959765625 0.66893480625 0.31291331953125007 0.5684212875
1 0.186188298828125 0.5389604250000001 0.07018616484374998 0.09358155277777777
1 0.236390901953125 0.5311619631944444 0.04776558515625 0.08145060972222219
1 0.267584753125 0.5242299972222223 0.0321686578125 0.06758667777777774
1 0.30219043125 0.5146985416666666 0.042891545312500015 0.05892171944444442
1 0.667743373828125 0.5753532527777778 0.21055849453125006 0.256482775
1 0.558077491015625 0.5354944444444445 0.10040520859375004 0.14557130833333337
1 0.501051232421875 0.5216305097222222 0.06628693359375007 0.1074454861111111
1 0.4644959390625 0.5103660645833332 0.02631981250000006 0.06412069305555555
1 0.4420753585937501 0.4991016208333333 0.026319812499999973 0.03812581944444441
1 0.4245288171875 0.49043665833333333 0.018521348437499974 0.031193852777777743