1 0.05069000781249999 0.9150196319444446 0.0994304 0.15943523888888886
1 0.147683388671875 0.8907577472222221 0.11210290234375 0.13863933888888877
1 0.236390902734375 0.8656293673611111 0.07506020390624998 0.11611044583333331
1 0.27782023632812497 0.8482994500000001 0.02534500390625003 0.08491659444444445
1 0.34118274609375004 0.8093071361111112 0.10138001562499999 0.1698331888888889
4 0.385536503125 0.8569644083333334 0.012672501562499994 0.06758667777777781
1 0.403083044140625 0.8058411520833333 0.01657173359374995 0.045057784722222195
1 0.4177051621093749 0.8093071375 0.012672502343750036 0.04505778888888901
1 0.435739107421875 0.7945767062500001 0.02144577265625003 0.02946085972222221
1 0.45133603281249995 0.7928437145833335 0.009748078124999981 0.02252889305555562
1 0.45913449531250006 0.7833122604166666 0.009748078124999981 0.02079590138888897
1 0.47960546054687503 0.7989091854166668 0.027294621093750047 0.03812581805555545
1 0.9319163007812499 0.9158861270833334 0.1286746359375 0.12997437916666665
2 0.79056916328125 0.7590503756944444 0.18911272187500003 0.2079590069444445
1 0.67992847265625 0.8179720944444445 0.045815968750000026 0.07625163611111105
1 0.65263385234375 0.8188385902777778 0.03996712031250001 0.0779846277777777
1 0.6190029820312499 0.8084406409722223 0.03899231406250001 0.05372274583333336
1 0.5926831699218751 0.7989091854166668 0.017546539843749986 0.03465983472222215
1 0.664331546875 0.772047813888889 0.032168659375 0.01906290833333328
1 0.557590087890625 0.7963096979166667 0.06433731796875 0.046790776388889004
1 0.4942275777343751 0.7781132847222223 0.013647310156250026 0.024261883333333383