1 0.50907281875 0.5689602104166667 0.01513703125000001 0.02242523472222228
1 0.480981066015625 0.5744439583333333 0.009410300781250047 0.028907686111111115
1 0.6398702695312499 0.6306296006944444 0.2126987890625 0.2937705569444444
0 0.41951204492187505 0.5812940861111111 0.017659871093750022 0.1502490638888889
0 0.402482883203125 0.5869003979166667 0.011352774218749983 0.13455139861111118
0 0.39113010703125 0.5812940868055556 0.02901264531250005 0.15473410972222218
0 0.7973972507812499 0.5633539027777779 0.025228387499999894 0.12782383333333336
0 0.826409896484375 0.5611113763888889 0.02018271015625004 0.16818924999999996
0 0.851638284375 0.5555050694444444 0.022705548437500056 0.14352149444444448
0 0.865513896484375 0.5633539006944445 0.017659871093749935 0.14127897083333335
0 0.8932651238281251 0.549898761111111 0.03531974140624996 0.1816443916666667
0 0.9903944167968749 0.555505067361111 0.015137033593750005 0.17043177361111117
1 0.49519720781249993 0.5667176861111112 0.01513703125000001 0.026910283333333337
0 0.7336054687500001 0.5263522652777777 0.015137032812500006 0.035880372222222214
3 0.126328341015625 0.5591340131944444 0.08012305390624999 0.1530709097222222