0 0.090488825 0.6004683305555556 0.0250488109375 0.0656249555555555
0 0.05752986289062499 0.5887495881944445 0.02768552734375 0.07031245138888885
0 0.032481052734375 0.5910933361111111 0.027685527343750006 0.08437494166666666
0 0.6685890136718751 0.6426558013888889 0.010546867968750017 0.03749997500000006
0 0.64222184453125 0.6449995493055556 0.01054686718750002 0.051562465277777705
0 0.59739765703125 0.6367964319444445 0.007910150000000015 0.03984372222222221
0 0.620468930078125 0.6614057875 0.03295896171874997 0.1546873916666667
0 0.485996366015625 0.6543745444444444 0.04086911328124998 0.13593740555555556
4 0.7410987296875 0.8688275208333333 0.06328120625000003 0.2601560722222222
0 0.892709953515625 0.7282026173611111 0.19248033671875006 0.5367183819444444
1 0.45962919648437506 0.6192183173611111 0.01713866015625003 0.04218747083333333
1 0.50511256328125 0.6309370590277779 0.018457018750000033 0.04218747083333333
1 0.528183837109375 0.6332808083333333 0.02768552734374996 0.03281247499999999
1 0.685068494921875 0.65320266875 0.043505830468749986 0.0914061875
1 0.23353071953125001 0.6860151451388888 0.45615203125 0.2835935541666667
1 0.834702181640625 0.7598432208333333 0.32958961796875 0.23437483888888883