1 0.24317318203125 0.43515619652777776 0.03339843281249997 0.03593749583333335
1 0.309530596875 0.42343744652777776 0.021972654687500003 0.034374995833333345
1 0.331063797265625 0.41640619791666666 0.022851560156250006 0.03593749583333335
1 0.35303645 0.4093749479166666 0.010546873437500003 0.024999995833333344
1 0.431259096875 0.39765619999999996 0.012304685937500004 0.01718749722222223
1 0.45586846953125004 0.3984374506944444 0.015820310937500005 0.021874998611111116
1 0.49805596328124996 0.38984370138888885 0.010546873437500003 0.01718749722222223
1 0.483554012109375 0.3921874520833333 0.013183591406250006 0.021874998611111116
1 0.525302053515625 0.4023436993055555 0.03515624453125001 0.057812493055555574
1 0.5692473605468751 0.38984370277777775 0.017578122656250007 0.042187494444444376
1 0.585067672265625 0.39687495138888884 0.021093747656250005 0.03749999722222223
1 0.6175871984375 0.3960937006944444 0.04394530625000002 0.04531249583333334
1 0.68130789375 0.39609369930555555 0.07470702187500003 0.06406249305555557