1 0.146221176953125 0.6316754833333333 0.20470964765625 0.15423626111111113
1 0.55222864453125 0.6212775333333334 0.13744790625000008 0.23741986666666665
1 0.785695123828125 0.6221440298611112 0.15207002421875 0.19409507361111117
1 0.4133185265625 0.6004816333333333 0.08578309062499997 0.0987805277777778
1 0.320224377734375 0.5926831708333333 0.07700982109375003 0.0831836027777778
1 0.369452173828125 0.5970156493055556 0.029244235156249986 0.05718872638888889
1 0.48155507578125006 0.5961491534722222 0.03899231406250001 0.05545573472222224
1 0.706248284375 0.61781155 0.04386635312500005 0.09184856111111112
1 0.6828528960937501 0.612612575 0.03606789062500004 0.060654711111111065
1 0.663356739453125 0.6065471041666667 0.02631981328125006 0.0623877027777778
1 0.643373178515625 0.5987486409722222 0.027294619531249963 0.046790776388888844
0 0.9114453359375 0.6264765090277777 0.03509308281250014 0.1403723291666667
0 0.9582361125000001 0.6360079631944444 0.04094192968750008 0.12130942083333333