1 0.4298982890625 0.6610582861111111 0.012433098437499979 0.017002527777777804
1 0.446156955859375 0.6678592972222223 0.01243309765624998 0.017002527777777804
1 0.43707123046874996 0.6738101826388889 0.017215059374999963 0.028904298611111143
1 0.423203543359375 0.6738101819444444 0.012433097656250069 0.025503791666666664
1 0.39403358203125 0.6517068951388888 0.011476706249999991 0.01190177083333334
1 0.4069448765625 0.6789109388888889 0.03347372656250003 0.049307330555555494
1 0.38446965976562497 0.6644587916666668 0.013389489843749968 0.017002527777777804
1 0.36247264062499995 0.6670091708333333 0.009563921875000015 0.015302275000000047
1 0.37108016953125 0.6678592972222223 0.015302274999999987 0.020403033333333317
1 0.37873130703125 0.6772106875 0.021040628125000006 0.03230480277777777
1 0.4648066046875 0.7197170062499999 0.06312188437500002 0.09691440972222219
1 0.3505177375 0.6653089180555556 0.008607529687499981 0.015302275000000047
1 0.34382299296875 0.6653089180555556 0.010520314062500003 0.015302275000000047
1 0.33425907109374997 0.6653089180555556 0.010520314062500003 0.01870278055555556
1 0.32660793359375007 0.66955955 0.014345882812499999 0.02380353888888891
1 0.31226205078125 0.6653089180555556 0.014345882812500044 0.015302275000000047
1 0.31226205 0.6746603083333332 0.018171451562499996 0.020403033333333317
1 0.292656009765625 0.6636086645833333 0.011476707031250033 0.015302273611111082
1 0.2940905984375 0.6797610666666667 0.018171453124999994 0.02380353888888891
1 0.19892957500000003 0.7583127402777778 0.200842359375 0.2329346305555555
1 0.02821356953125 0.6903026291666667 0.0564271390625 0.049307330555555653