1 0.213933759765625 0.43249228124999994 0.19423150234375 0.1404083152777778
1 0.6569024953125 0.4564136979166667 0.1047212015625 0.1424884375
1 0.5300413886718751 0.4123844222222222 0.007020416406249996 0.009360555555555549
1 0.53618425234375 0.4155046055555556 0.006435381250000027 0.013520800000000024
1 0.54320466796875 0.41706469930555556 0.011115657812499968 0.012480740277777772
1 0.55630945859375 0.4243451291666667 0.014625865624999967 0.020801230555555526
1 0.572397911328125 0.4259052215277778 0.018721108593750025 0.026001540277777794
1 0.587901329296875 0.43110553055555556 0.015795935156249996 0.026001541666666603
1 0.333411240625 0.44618642222222227 0.043877598437499984 0.0436825861111111
1 0.38167659921874997 0.44046608402777776 0.04446263281249996 0.04264252638888893
1 0.48376514453124997 0.4207049131944444 0.016966004687500025 0.01976116805555558