1 0.48415984921875 0.46316718125 0.009355746874999937 0.0180184736111111
1 0.528989465625 0.4562369972222222 0.013253975000000029 0.023562622222222194
1 0.5204133640625 0.46455321527777776 0.013253975000000029 0.029106766666666634
1 0.446736866796875 0.4610881249999999 0.014033619531249996 0.03049279999999999
1 0.41672051328125 0.46732528958333336 0.017931846875 0.026334690277777798
1 0.4256864374999999 0.4583160506944444 0.014033618749999999 0.02217658194444449
1 0.5032611640625 0.46940434305555556 0.027287592187499942 0.044353166666666666
1 0.48922754453124995 0.45415794375 0.008576100000000064 0.016632437500000048
1 0.459739073828125 0.4733314381944445 0.034304402343749985 0.05128334861111112
0 0.7185813769531251 0.4366014736111111 0.01247432734374998 0.04712523888888893
0 0.693242897265625 0.44145260277777776 0.011694682031250014 0.04019505555555559
0 0.7267676558593751 0.4670942763888889 0.014813264843750052 0.0859342583333333
0 0.68544644375 0.47333143888888884 0.014813265625000049 0.09563651111111113
0 0.673751760546875 0.4684803131944444 0.014813264843749962 0.09147840416666662
0 0.564385389453125 0.4514320604166667 0.0054575195312500215 0.026334690277777798
0 0.545673898046875 0.4486599875 0.005457517968750025 0.015246402777777727
0 0.5390469101562501 0.4528180958333334 0.006237162499999993 0.03465091111111107
0 0.597695734765625 0.45798603472222227 0.006237164843749987 0.022176580555555603
0 0.5809333578125 0.45521395972222223 0.007016809375000044 0.02772072777777781
0 0.5739165484375001 0.45382792638888886 0.005457518750000024 0.022176583333333295
0 0.57040814296875 0.4552139604166666 0.0062371640624999895 0.01940450972222223
0 0.55682281796875 0.45656041319444446 0.004677871874999973 0.016632437500000048
0 0.38686010117187497 0.4655696486111111 0.006237163281249991 0.026334691666666684
0 0.378284000390625 0.46695568472222215 0.0062371648437500316 0.023562619444444426
0 0.12616391289062498 0.5166143166666667 0.017937997656249993 0.08929136388888889
0 0.017937997265625 0.5144883312499999 0.01674213046875 0.06803151527777776