1 0.511642352734375 0.2654259770833333 0.012474328906249976 0.01663243750000001
1 0.5030662515625 0.26958408333333334 0.01091503593750005 0.016632433333333314
1 0.49487997460937494 0.2744352118055556 0.010135391406249994 0.0180184736111111
1 0.540489235546875 0.2633469215277778 0.018711491406249968 0.0180184736111111
1 0.458236636328125 0.28621652430555555 0.017931846093750002 0.03326487916666668
1 0.39625481953125 0.2772072826388889 0.037422982812499984 0.034650906944444455
1 0.405610565625 0.3090861229166667 0.028067239062499992 0.05405542083333334
1 0.1865301828125 0.3167093236111111 0.06081234843750001 0.10533876944444447
1 0.43886245351562503 0.29176066805555556 0.03508404765624995 0.051283347222222234
1 0.482132778125 0.2765142666666667 0.01715219999999995 0.023562619444444426
1 0.539826544921875 0.2945327416666667 0.035863694531250004 0.0512833472222222
1 0.36791471328125 0.3083931034722222 0.06159199375000002 0.08454821805555555
1 0.336728894140625 0.2730491763888889 0.016372555468749984 0.02772073055555554