1 0.0466138859375 0.6281976722222222 0.093227771875 0.14976898055555554
1 0.7385214695312501 0.7758865291666666 0.26794606718749997 0.2204932222222222
1 0.10726861445312501 0.6032361736111111 0.09126547265625 0.1123267361111111
1 0.15056120976562498 0.5928355513888889 0.058503508593749996 0.09568573888888889
1 0.183323174609375 0.603236175 0.02106126328125 0.06656399166666671
1 0.190343596484375 0.5907554270833333 0.04680280703124999 0.07488449027777777
1 0.209064718359375 0.5855551159722222 0.03510210546875001 0.06448386805555555
1 0.22954094609375 0.5865951763888889 0.022231334374999977 0.0457627444444444
1 0.239486543359375 0.5865951770833334 0.014040841406249971 0.02496149583333336
1 0.5788068914062501 0.6822809159722223 0.16146968281250001 0.16640998194444442
1 0.48988155859375004 0.6469187944444444 0.09126547343749998 0.1123267361111111
1 0.438983505859375 0.6354781090277778 0.03861231640625 0.0728043680555555
1 0.42377259375000004 0.6281976715277777 0.029251753124999967 0.05824349305555548
1 0.403296366015625 0.6261175472222221 0.03042182421874995 0.045762744444444475
1 0.395105875 0.6188371104166666 0.028081684375000027 0.04368262083333331
1 0.38457524335937504 0.6157169229166667 0.02106126328125 0.033281995833333314
1 0.371119437109375 0.6042762381944444 0.024571472656249992 0.03536212083333336
1 0.355908525390625 0.5907554270833333 0.022231333593750024 0.033281995833333314
1 0.33835747226562496 0.5626737444444444 0.012870772656249984 0.0228813722222222
1 0.329581946875 0.5491529319444445 0.00936056093750004 0.016640997222222214
1 0.325486700390625 0.5345920590277777 0.010530632031249976 0.012480748611111163
1 0.25469745546875 0.5741144291666667 0.01638098281250002 0.024961497222222167
1 0.259377736328125 0.5626737444444444 0.02106126328125 0.0228813722222222
1 0.26581312187500006 0.55227311875 0.012870771874999987 0.018721123611111147
1 0.2722485078125 0.5408324312499999 0.011700703125 0.012480748611111163
1 0.2775138234375 0.5345920590277777 0.01287077187500003 0.012480748611111163