1 0.08442248085937501 0.6044133722222222 0.16884496171875002 0.15296774999999999
1 0.9118311718750001 0.7161041104166667 0.17482028437500005 0.25009013194444435
1 0.79710536015625 0.6444763541666666 0.15843088437499997 0.16025192777777772
1 0.197526414453125 0.5813468069444444 0.09833641015625001 0.12625909444444441
1 0.26308402109375 0.5740626291666667 0.05463133906250004 0.10197849999999996
1 0.57584843671875 0.591059045138889 0.038241937499999955 0.04370507083333332
1 0.36688356562499996 0.57163456875 0.03551037031250002 0.0388489513888889
1 0.385321642578125 0.5728485979166666 0.017755185156249985 0.03156477361111109
1 0.3928334515625 0.5679924798611111 0.019120968750000022 0.03156477361111109
1 0.401028151171875 0.565564420138889 0.019120969531249976 0.036420893055555584
1 0.40785706953125 0.5619223298611111 0.024584103125000034 0.029136712499999995
1 0.553995901171875 0.5837748666666667 0.016389400781249997 0.02913671388888888
1 0.545118308203125 0.5813468069444444 0.017755185156249985 0.03399283333333329
1 0.5348749328125001 0.5740626277777777 0.016389401562499996 0.02913671388888888
1 0.52394866484375 0.57527665625 0.019120968749999977 0.026708654166666672
1 0.51711974765625 0.5643503895833334 0.019120968750000068 0.01456835694444444
1 0.476146243359375 0.5631363604166667 0.010926267968750025 0.021852534722222178
1 0.462488408984375 0.5631363604166667 0.01365783515625001 0.021852534722222178