1 0.353838550390625 0.48456951875000004 0.07442880390625 0.12874171805555562
1 0.484088958984375 0.5024503111111112 0.07342301015625 0.07867549444444448
1 0.037616714453125 0.5015562736111111 0.07523342890625 0.10192052500000004
1 0.11999129140625 0.497086075 0.09957367187499999 0.10728476666666673
3 0.23213739570312503 0.4559602486111111 0.13879966328124999 0.18596025833333335
3 0.1179797015625 0.39605958680555553 0.10359685156250001 0.1233774791666667
0 0.7129072453124999 0.5006622347222223 0.032185429687500024 0.14662251111111116
0 0.765711465234375 0.5230132243055555 0.03922599140625005 0.19847681527777783
0 0.8104693277343751 0.497086075 0.0281622507812501 0.1394701916666667
0 0.8225388644531251 0.4792052798611111 0.014081125781249959 0.08940397083333333
0 0.7943766136718751 0.48993375486111107 0.018104303906249886 0.13231787638888887
0 0.754144826953125 0.49350991527777777 0.020115892968749983 0.14662251111111116