1 0.13478331953125 0.47617066874999997 0.0871789984375 0.08361026805555562
1 0.25528363359375 0.462187175 0.04086911250000003 0.046874966666666594
1 0.4812051265625 0.42620843194444447 0.02753020781250006 0.03262839444444442
1 0.5029998765625001 0.4527190055555555 0.02523602656249997 0.04078549722222225
1 0.520779801953125 0.4680135659722222 0.021794750781250018 0.04690332083333336
1 0.5528983804687501 0.4731117555555555 0.0401482234375 0.05302114444444447
1 0.3788659015625 0.43992156527777776 0.034908821874999996 0.03984372222222221
1 0.285605878515625 0.45984342638888887 0.03559567890625002 0.032812477777777835
1 0.456333300390625 0.5055465201388889 0.10546867734375001 0.1429686513888888
1 0.40359896171875 0.44695281041666673 0.021093735937500035 0.03046872916666664
1 0.31263222734375 0.45632780416666663 0.023730453124999995 0.030468727777777833