0 0.7690259328125 0.4401798972222222 0.06726174062499987 0.23222089166666665
0 0.595997510546875 0.44104639444444443 0.04289154609374997 0.14383831388888887
0 0.495104899609375 0.44451237777777775 0.024370196093749998 0.08145061111111107
0 0.46683547148437493 0.44104639305555554 0.018521349218749972 0.06412069444444445
0 0.442952694140625 0.44537887430555556 0.01754654140625007 0.05545573750000001
0 0.43028019296875 0.4427793847222222 0.011697695312500044 0.036392825
0 0.08090905039062499 0.48177170069444436 0.021445772656249994 0.05198975416666664
0 0.10138001640625001 0.48003870763888884 0.015596926562500002 0.051989751388888866
0 0.126237616796875 0.46704127152777775 0.012672502343749992 0.04679077638888892
0 0.143784156640625 0.47483973194444445 0.016571733593749992 0.04159180000000002
0 0.25773919648437504 0.47397323750000003 0.009748078906250023 0.057188725
0 0.220209094140625 0.48090520486111116 0.018521349218749972 0.05718872916666666
0 0.182461684765625 0.49390264027777775 0.020470964843750016 0.06931966944444447
2 0.34038055507812504 0.3933891222222222 0.17254098828125 0.3154044944444444
0 0.16296552734375 0.48523768333333334 0.008773270312499993 0.055455736111111126
3 0.244676769140625 0.4627087923611111 0.040941928906249994 0.0935815569444445
0 0.19886080039062498 0.48263819513888884 0.011697694531250002 0.05025675972222222