0 0.02302356328125 0.4243454472222222 0.023401403125000005 0.07488449166666666
0 0.8713244328125 0.42122525972222224 0.01638098281250002 0.09360561388888892
0 0.801120223046875 0.43058582083333335 0.030421824218749994 0.1123267361111111
0 0.568276259765625 0.401464075 0.009360561718749948 0.045762744444444475
0 0.65778662734375 0.4201851979166667 0.015210912499999996 0.08320499027777781
0 0.70224929375 0.4212252604166667 0.01755105312499996 0.08112486527777776
0 0.769528328515625 0.4191451354166667 0.01872112265625008 0.07696461527777775
0 0.7344262234375 0.42330538472222223 0.014040842187499968 0.08112486388888887
0 0.6817730671875 0.4170650111111111 0.011700701562500004 0.06864411666666667
0 0.6250246640625 0.3973038256944444 0.010530631249999978 0.03744224583333333
0 0.6449158558593749 0.4160249486111111 0.005850350781250046 0.06656399166666663
0 0.671242434375 0.4181050729166667 0.004680281250000018 0.07488449027777777
0 0.719215311328125 0.4201851979166667 0.009360561718750039 0.09984598749999994
0 0.7537323812500001 0.4108246361111111 0.012870771874999942 0.06448386666666665
0 0.57646675078125 0.4045842625 0.007020420312499986 0.04784286944444444
0 0.5507252074218749 0.401464075 0.007020421093749984 0.037442244444444446
0 0.238901507421875 0.3983438875 0.005850350781250002 0.027041622222222214
0 0.245336894921875 0.4077044493055556 0.00468028046875002 0.03328199583333339
0 0.23071101679687497 0.3983438875 0.005850350781250002 0.0228813722222222
1 0.47467064648437496 0.42330538472222223 0.05850350859375002 0.09360561388888884
1 0.317881244140625 0.43058582083333335 0.15444926171875 0.24545471944444444
1 0.115459105078125 0.44930694375 0.16614996328124998 0.14144848194444448
1 0.20613954335937498 0.4181050729166666 0.057333438281249996 0.07904474027777779
0 0.18507827968749999 0.3858631388888889 0.01287077187500001 0.022881372222222276
1 0.40095622578125 0.40874451111111115 0.030421824999999993 0.04368261944444443
1 0.42494266445312495 0.39938395 0.017551052343749964 0.02912174722222226