1 0.252487537109375 0.3891878638888889 0.007651138281249992 0.015302275000000047
1 0.24005443906249999 0.4087407708333334 0.032517334375 0.06120909999999995
1 0.323738756640625 0.3891878638888889 0.021997021093749992 0.045906824999999984
1 0.18458369218749998 0.4197924145833333 0.11285427812499997 0.07651137638888889
1 0.42798550468749996 0.37728609583333333 0.04303764843750004 0.10711592499999997
1 0.532710448828125 0.3908881173611112 0.059296314843750066 0.03910581527777776
0 0.271615381640625 0.4259133208333334 0.026778980468750026 0.07311086944444448
0 0.30221993085937504 0.4259133215277777 0.030604550781250017 0.07651137638888889
0 0.61448198046875 0.3851072534722222 0.018171451562499996 0.06290935138888894
0 0.5958323328125 0.38510725416666663 0.015302274999999987 0.06630985833333333
5 0.36964558125 0.4040934194444445 0.03156094218750001 0.06120909999999995