1 0.47811217812500006 0.4137916395833333 0.026690062500000077 0.029081645833333405
1 0.416983323828125 0.4268018493055556 0.03874363984375 0.04897961250000004
1 0.375226290234375 0.4419688319444444 0.034438791406250016 0.04897961111111108
1 0.32399858789062497 0.4519178180555556 0.06285079296874999 0.05969390833333329
1 0.19872748671875 0.47105047777777775 0.09815055468750003 0.12551025833333335
1 0.2611477953125 0.4526831229166667 0.0352997609375 0.08571432361111103
1 0.12253166132812501 0.48329538263888894 0.09212376640625 0.0948980041666667
1 0.04117001796875 0.49324436527777776 0.080931159375 0.1423470027777777
1 0.571683930078125 0.40586752986111113 0.020663274218749982 0.04744900138888886
1 0.586320416796875 0.41045936875000005 0.025829094531249996 0.05663267916666667
1 0.7236450953125001 0.37908180277777775 0.05940691406249998 0.04897961388888884
1 0.768846008203125 0.38290833611111114 0.036160730468750034 0.03520409722222221
1 0.80672867890625 0.37448996527777784 0.039604610937499986 0.03979593888888889
1 0.9229595972656248 0.363775675 0.055102063281250044 0.061224519444444465
1 0.963425177734375 0.35994914236111114 0.036160730468750124 0.059693906944444444
1 0.9780616636718751 0.35994914236111114 0.04132654921875005 0.059693906944444444
1 0.531355327734375 0.44106437083333333 0.07690026328125006 0.11785719444444441
1 0.628351404296875 0.41121741805555556 0.07232146171874998 0.10102045277777773