1 0.431707796484375 0.3125197708333333 0.014350397656249925 0.04251969444444445
1 0.383873137890625 0.32208670347222224 0.023917328906250025 0.0403937125
1 0.41496566679687497 0.31996071805555554 0.03348426171874994 0.05740158888888891
1 0.473563123046875 0.31783473402777773 0.040659460156250035 0.061653559722222244
1 0.209874566015625 0.3475985215277778 0.09925691796875002 0.11692916527777777
1 0.30255421796875004 0.3731103395833334 0.1291535796875 0.1551968930555556
1 0.090885851953125 0.3677953777777778 0.18177170390625 0.18708666666666673
3 0.31152321640625 0.26149613541666666 0.1279577125 0.12330712083333333
0 0.53395438046875 0.3103937868055555 0.010762798437500009 0.0680315152777778
0 0.5471089109375 0.31145677916666664 0.008371064062500011 0.06590553055555558
0 0.55189237734375 0.31251977152777777 0.008371065625000007 0.0680315152777778
0 0.6260360988281249 0.3061418173611111 0.017937997656250017 0.09779530138888891