3 0.8595411175781249 0.32302680763888886 0.27689916015625 0.638950248611111
1 0.274976228125 0.4299328784722222 0.01957872812499999 0.032320440277777765
1 0.309239001171875 0.40134172013888886 0.034962014843749986 0.029834254166666657
1 0.305043558984375 0.4634964138888889 0.04055593671875002 0.09944751111111114
1 0.215540801953125 0.4137726597222222 0.02097721015624998 0.019889502777777717
1 0.185473468359375 0.4137726576388889 0.025172650781249993 0.014917126388888846
1 0.22672864609375 0.43863453888888887 0.029368092187500007 0.03480663055555561
1 0.189668910546875 0.4448500069444445 0.03356353515624999 0.04723756666666669
1 0.152609172265625 0.40631409444444444 0.034962014843749986 0.039779002777777746
1 0.398741759375 0.5442975145833333 0.22235841562500003 0.34060771805555545
1 0.103817035546875 0.5601166444444444 0.20763407109375 0.34241172777777773