1 0.48357404882812494 0.5768301590277777 0.01160155859374994 0.031874990277777786
1 0.422929539453125 0.5796426555555556 0.00843749765625006 0.026249988888888885
1 0.41660141757812497 0.5833926555555555 0.012656246093750045 0.029999988888888947
1 0.402363140234375 0.5843301555555556 0.011601558593750028 0.0318749888888889
1 0.394980330859375 0.5871426548611111 0.013710932031250022 0.03749998750000003
1 0.380742054296875 0.5871426548611111 0.023203116406249967 0.044999984722222226
1 0.36386706015625 0.5918301513888888 0.02320311718750001 0.05812498055555556
1 0.348046753125 0.5927676527777778 0.025312490625000007 0.056249980555555606
1 0.330644415625 0.6012051486111111 0.03480467499999999 0.06937497499999996
1 0.30691395546875 0.6030801493055555 0.04007811250000004 0.09937496249999996
1 0.54421855859375 0.6040176479166667 0.02109374218750002 0.0749999736111111
1 0.21939590976562498 0.6073533034722222 0.15292963515625 0.17595697083333336
1 0.4577552000000001 0.6006443208333333 0.05167967031250002 0.06937497499999996
3 0.599083276953125 0.6090818180555555 0.10441402734374998 0.14249995