1 0.39483441796875 0.5116177111111111 0.017193410937499997 0.030566063888888884
1 0.46575724179687494 0.5154384701388889 0.015760627343750055 0.028018893055555574
1 0.479368691796875 0.5218064006944444 0.022924549218750024 0.045849095833333325
1 0.174902026953125 0.5116177131944445 0.05587858828124999 0.0713208180555556
1 0.222081568359375 0.516311788888889 0.022924549218750024 0.017830202777777752
1 0.234260234765625 0.5137646145833332 0.01576062734375001 0.017830204166666638
1 0.294437175 0.516311788888889 0.021491765624999992 0.017830202777777752
1 0.43341725156249994 0.5137646145833332 0.01002948906250003 0.028018893055555574
1 0.49287780117187496 0.5242929284722222 0.02579011796874999 0.05349061249999999
1 0.50863842890625 0.5306608590277777 0.04871466718749993 0.06622647361111113
3 0.32667482109375 0.48863251944444447 0.04584909687500001 0.09424536666666662
2 0.415507448046875 0.5005193159722222 0.031521253906250025 0.06622647083333336
0 0.531085390234375 0.5285382097222222 0.020058980468749966 0.058584958333333347