1 0.43448984726562506 0.5109330805555555 0.06146025546875 0.09226626111111114
1 0.308154876171875 0.5376417354166667 0.08467857578125 0.13111521249999997
1 0.2630840203125 0.5242874083333333 0.06555760781249997 0.10440655833333329
1 0.1982093046875 0.5376417347222222 0.042339287499999975 0.038848952777777786
1 0.22142762304687497 0.5182172597222222 0.01775518515625003 0.02913671388888888
1 0.08689795312500001 0.5473539736111112 0.02731566875 0.01942447499999997
3 0.370980915234375 0.4854384555555555 0.021852535156249964 0.04613313055555553
1 0.39556501875 0.5085050208333333 0.019120967187500025 0.04856118888888885
1 0.16338182773437498 0.5449259138888889 0.030047236718750002 0.02913671388888888
0 0.5003881484375 0.4893750027777778 0.015986842187500017 0.08703947500000003
0 0.523369233984375 0.4955921076388889 0.02198190859375 0.10657894861111114
2 0.44643255585937497 0.46450658124999994 0.06594572421875 0.13322368472222218
1 0.13251591914062502 0.5388580930555555 0.023980263281250004 0.055065788888888925
1 0.00929233984375 0.5773026347222222 0.0169860203125 0.04973684166666664