1 0.325027923046875 0.5075511118055556 0.015616957031250012 0.022557829166666623
1 0.310387025390625 0.5084187201388889 0.013664838281250003 0.02082260972222222
1 0.40116058945312505 0.5153595916666667 0.011712717968749953 0.024293044444444453
1 0.42019375624999994 0.5196976333333333 0.014640896874999943 0.029498697222222207
1 0.4348346539062501 0.5249032854166666 0.022449376562499967 0.03991000138888883
1 0.4807094660156251 0.5266385034722223 0.06149176953125002 0.08155522083333334
1 0.548545623828125 0.5301089381944444 0.07027630703124998 0.07461435138888887
1 0.626142380859375 0.5474611131944443 0.14738503359375005 0.17525696527777773
1 0.757910456640625 0.5552695916666667 0.15324139296874995 0.2498713166666666
1 0.880893996484375 0.6350895958333334 0.23523041953124996 0.2984574055555555
1 0.264512213671875 0.5153595895833334 0.031233914843749978 0.04511565416666667
1 0.22693391054687498 0.5188300243055556 0.051731171093749986 0.06246782916666665
1 0.163978051171875 0.5266385034722223 0.05270723046875001 0.08155522083333334
1 0.098582042578125 0.5240356777777778 0.08784538359374999 0.1075834833333334
1 0.041970573046875 0.5422554611111111 0.08198902578125 0.12320044166666667