0 0.631674976953125 0.4504684333333333 0.013183585156249933 0.028124980555555526
0 0.61717303359375 0.4516403069444444 0.015820301562500028 0.03984372499999998
0 0.6033302703125 0.45164030763888896 0.009228509375000016 0.02578123194444441
0 0.78064948359375 0.45164030763888896 0.015820301562499937 0.03046872916666664
0 0.81492680390625 0.45632780416666663 0.010546867187499842 0.016406238888888917
0 0.49588405429687493 0.4574996777777778 0.013183583593750025 0.03281247500000006
0 0.485996365625 0.4657027979166667 0.009228507812500019 0.03984372361111118
0 0.4774270359375 0.464530925 0.01054686718749993 0.042187475000000065
0 0.9757665371093751 0.4809371625 0.026367169531249957 0.09374993611111111
0 0.952036084375 0.48562465902777774 0.03427732031249988 0.09843743194444438
1 0.26301251367187495 0.44882781666666666 0.017138660156249985 0.037499974999999984
1 0.25048810859375 0.45585906111111113 0.0263671703125 0.04687496944444444
1 0.293334758984375 0.4898434131944444 0.05405269765624996 0.1429686513888889
1 0.127880771484375 0.48867153888888887 0.06855463984375 0.08437494166666666
1 0.07910150820312499 0.5015621548611111 0.08964837578125 0.11484367083333337
1 0.47394986953125 0.48164029374999995 0.014501943750000024 0.06562495416666671
1 0.5972163859374999 0.4836491951388889 0.021093735937499948 0.03046872916666672
1 0.590624593359375 0.46489920972222226 0.013183583593749937 0.021093736111111067
1 0.537231076171875 0.4941960645833333 0.10151360234375009 0.14062490416666668
1 0.225620568359375 0.46687467222222223 0.05800777265625001 0.07968744444444442
1 0.382505226171875 0.5231246333333333 0.17929675234375003 0.2999997944444444
1 0.6942970035156251 0.5547652361111111 0.2939939382812501 0.31171853611111117
1 0.04095974765625 0.5242965076388889 0.0819194953125 0.1570311430555556
1 0.9428075757812501 0.5805464694444444 0.11337882968750002 0.21796859999999998
0 0.8755712933593749 0.49265590416666666 0.021093735156250126 0.09374993611111111
1 0.78987799375 0.5172652624999999 0.11865226249999994 0.13359365833333334