1 0.022023237109375 0.45387368263888894 0.04233928671875 0.16267998749999993
1 0.80120271015625 0.5388557652777778 0.3960772078125 0.39577370000000006
1 0.35732308046875 0.34218294513888886 0.016389401562499996 0.03156477361111109
1 0.065045416796875 0.40895458125 0.12565207890625002 0.1505396902777778
1 0.15996736835937503 0.3834599555555555 0.09150749296875002 0.09955043888888891
1 0.21050135703125 0.3628214506944444 0.04780242187499999 0.07284178472222219
1 0.23645124218750002 0.3470390638888889 0.047802421875000035 0.0752698444444444
1 0.268547155078125 0.3506811527777778 0.02458410234374999 0.06312954722222221
1 0.28288788125000003 0.3506811541666667 0.020486751562500016 0.0485611916666667
1 0.29586282460937496 0.34825309375 0.02458410234374999 0.029136715277777805
1 0.310886442578125 0.34825309375 0.01365783515625001 0.029136715277777805
1 0.322495601953125 0.3446110048611111 0.012292050781250018 0.031564773611111124
1 0.33069030312500003 0.3409689152777778 0.012292051562500017 0.02913671388888892
1 0.33683632890625004 0.3239724986111111 0.013657835937500007 0.024280594444444463
1 0.6099930234375 0.4101686111111111 0.20213595468749998 0.2743707249999999
1 0.5116566132812499 0.39438622430555553 0.08467857499999995 0.16996416527777775
1 0.45087924882812497 0.3688916 0.05326555546874996 0.08012596388888886
1 0.432441171484375 0.3518951833333333 0.05736290546874993 0.08498208333333332
1 0.401711043359375 0.3470390638888889 0.025949885156249984 0.05098925000000002
1 0.39010188398437495 0.33732682569444444 0.019120967968750024 0.026708654166666672
1 0.36756645703124996 0.3336847368055556 0.009560484374999989 0.019424476388888893