1 0.489067260546875 0.5296204909722222 0.014395725781250058 0.02559240138888883
1 0.4752713578125 0.5338858895833334 0.02279323125000001 0.029857801388888956
1 0.460875631640625 0.5381512909722223 0.017994655468750054 0.04265400138888885
1 0.44588008593749995 0.5424166909722222 0.02879145000000003 0.06824640138888888
1 0.411690237890625 0.5424166895833333 0.05398396796874998 0.11516580138888889
1 0.29292550781250004 0.5488147902777778 0.03478966875 0.04691940000000001
1 0.24973833085937497 0.5701417916666667 0.06837969453125 0.07251180277777773
1 0.1669629125 0.5808052916666666 0.1211640203125 0.10236960000000003
1 0.34930876289062496 0.5637436888888889 0.11876473203124997 0.1236966
1 0.49926423164062506 0.5370849395833334 0.017994655468749964 0.03625590138888894
1 0.5136599578125001 0.5402839909722222 0.03239038281250002 0.04691940138888889
1 0.599434485546875 0.5488147916666667 0.05758290078124997 0.08104260277777774