4 0.18962632031249999 0.7374571777777778 0.061469082812499985 0.1402062083333333
1 0.6139176394531249 0.5955327493055556 0.05103093671875003 0.05979382361111105
1 0.663788780078125 0.6223368784722223 0.09046393203125005 0.1587629152777778
1 0.5373712351562501 0.6137458159722222 0.08814434531249997 0.13608249583333334
1 0.468363490625 0.5773196798611112 0.06610825781250007 0.041237118055555536
1 0.39548975703125 0.6841925756944445 0.26211344687500004 0.385567076388889
0 0.80605683359375 0.578006975 0.016237115624999986 0.020618563888888906
0 0.822873848828125 0.57594513125 0.015077322656249947 0.028865981944444424
0 0.8408506535156249 0.5872853416666667 0.02087629140624987 0.0639175361111111
0 0.884922826171875 0.5841925576388889 0.013917527343750003 0.05773196805555558
0 0.871005297265625 0.5821307013888889 0.011597939843749927 0.061855677777777784
0 0.8576676671874999 0.6006874048611112 0.019716498437500007 0.09484537638888892
0 0.90115994375 0.5914090534722222 0.016237115624999986 0.0762886736111111
0 0.9185568531249999 0.5924399819444445 0.018556703125000063 0.07010310277777781
0 0.93827335 0.5965636930555556 0.018556704687500057 0.07422681388888883
0 0.9608893343749999 0.5955327652777778 0.024355674999999976 0.09278352222222218
0 0.9782862453124999 0.5594502826388889 0.015077323437500035 0.04948454305555548
0 0.9893042878906251 0.5635739993055555 0.009278352343750029 0.04536083472222224
0 0.994523359765625 0.5666667819444444 0.008118557031249907 0.043298975000000045
1 0.778801674609375 0.696220054861111 0.24239694609375012 0.35463923472222225