1 0.28685914492187503 0.7745276701388889 0.012919427343750022 0.022967870833333372
1 0.272863098828125 0.7732516784722223 0.017943649218750003 0.030623829166666717
1 0.236975798828125 0.7636817312499999 0.052395457031250016 0.05997166527777785
1 0.22656848164062504 0.7789936444444445 0.030145332031250006 0.04465975000000005
1 0.18350372343750002 0.7834596201388889 0.04019377500000001 0.05103971250000004
1 0.15838261250000002 0.7802696368055556 0.020096887500000004 0.05741967638888891
1 0.12931390039062501 0.771337688888889 0.05813742578125001 0.10590740833333333
1 0.02954720703125 0.7560257743055555 0.0567019328125 0.10590740694444452
1 0.423470133984375 0.7617677430555555 0.004306477343750004 0.012759930555555677
1 0.427417736328125 0.7624057395833335 0.005024222656250021 0.019139895833333278
1 0.43100646484375 0.7630437347222223 0.00645971249999997 0.020415886111111094
1 0.433159703515625 0.76814770625 0.00789520546875 0.020415884722222208
1 0.522877952734375 0.7713376888888888 0.03516955234374999 0.06507563611111099
1 0.7096115484375 0.7834596208333333 0.13780722968750006 0.1684310583333333
0 0.611639221484375 0.7668717125000001 0.013637174218749947 0.0637996388888889
1 0.5560138960937501 0.779631642361111 0.06316164687500007 0.07911155694444448
1 0.865429234765625 0.7936675645833333 0.25086624140625 0.22457474583333337
1 0.447812024609375 0.7723963437500001 0.028583746093749963 0.033877031944444504