1 0.38598230859375005 0.3712500027777778 0.020982729687500035 0.042631577777777825
1 0.417456404296875 0.36769737361111116 0.013988486718749993 0.01776315833333331
1 0.43943831132812505 0.37569079027777774 0.03197368359375004 0.06217104999999997
2 0.48681901562499996 0.3552631590277778 0.07877456718750002 0.0781578958333333
1 0.6097980996093749 0.3685855298611111 0.05295641640625002 0.03730263194444442
1 0.750182557421875 0.4742763194444444 0.19583881640624998 0.20250000277777772
1 0.89106660390625 0.5524342125 0.21582236875000005 0.45828947777777784
3 0.299553443359375 0.323289475 0.15587171171875003 0.31263158333333335
1 0.029375816406249998 0.3721627159722222 0.058751632812499996 0.10120088750000002
1 0.07224053164062501 0.3845723729166667 0.06894325703125001 0.0692763180555556
1 0.764171044140625 0.3534868451388889 0.03397203828124997 0.03907894583333338