0 0.084849277734375 0.5352136756944444 0.039607721093750006 0.17967640416666666
0 0.046607340234375 0.5497820326388888 0.03141301953125 0.1553958069444444
0 0.209818465625 0.5157891993055556 0.051899771874999986 0.18453252083333338
0 0.6062712843750001 0.4630656291666666 0.04507085468750001 0.13735880833333336
0 0.6461862859374999 0.4575157715277778 0.034144587500000066 0.12140297638888889
0 0.7574976390625 0.45630174097222226 0.019120968749999977 0.14811162916666668
0 0.739059562109375 0.45265965208333336 0.023218319531249955 0.1553958069444444
0 0.8077243472656249 0.3945596708333333 0.008194702343750037 0.0461331305555556
1 0.9115750972656251 0.3847607090277778 0.17157656953125003 0.48058233749999996
0 0.827528207421875 0.44263523888888884 0.025949886718750113 0.13354327222222218
0 0.44387962890625 0.4143888215277778 0.010926267187499939 0.029136715277777763
0 0.432270469921875 0.4143888208333334 0.009560485156249942 0.0339928305555556
0 0.42066131093750003 0.4131747916666667 0.008194703125000036 0.03156477222222228
0 0.41041793437499996 0.41560285069444447 0.009560484375000034 0.03156477361111109
0 0.25949886015625 0.44716762430555557 0.021852535937500008 0.05584536805555555
0 0.2820342875 0.4301712083333333 0.012292051562499972 0.0364208916666667
0 0.675379928125 0.4062952881944445 0.012292051562499929 0.04370507083333332
0 0.66581944375 0.41115140625 0.009560484375000034 0.043705068055555546
0 0.45617168046874995 0.41803091180555557 0.01365783437500001 0.033183484722222226
1 0.5113493328125001 0.3982017597222222 0.03277880312499999 0.048561188888888926
1 0.352235558203125 0.6434357701388889 0.37832202265625003 0.48075578194444435
4 0.784764976171875 0.44304654930555554 0.030565133593749926 0.04112839027777777