1 0.48420632656249996 0.5431891256944444 0.02032972968750002 0.03188977361111106
1 0.33783227851562503 0.54956708125 0.06338092265624998 0.08716537916666667
1 0.5028618519531249 0.5346851868055555 0.025113196093750022 0.03188977083333329
1 0.5441192453125 0.5314962104166666 0.038267725000000044 0.03826772916666662
1 0.41364349335937495 0.5919981062499999 0.14133793359375 0.2029962902777778
0 0.628667020703125 0.5429765472222223 0.008371067968750001 0.04251969444444441
0 0.7444268796875 0.5676379520833333 0.013154529687500017 0.09354332916666669
0 0.771931808203125 0.5718899243055555 0.027504928906250024 0.09779530694444445
0 0.993047548828125 0.5995277270833334 0.011958664843749921 0.14031500416666662
0 0.969728153125 0.5931497708333333 0.03228839531250003 0.18283469444444447
0 0.9380376910156251 0.5867718145833334 0.02870079453125012 0.13606302638888887
0 0.8632960359374999 0.5687009451388889 0.02032972968750002 0.09141734861111112
0 0.885419566015625 0.5761418909722222 0.01913386328124993 0.11905515138888884
0 0.8381828398437499 0.5697639354166667 0.02511319687500002 0.1020472680555555
0 0.72278168984375 0.5601970041666667 0.014350398437500012 0.06590553055555554
0 0.649833834375 0.5474410958333333 0.01195866562499992 0.04039371388888884
0 0.61335990703125 0.5485040875 0.013154529687500017 0.04251969722222218
0 0.899769963671875 0.5888978013888889 0.02870079453124994 0.14031499999999997