1 0.36672358710937497 0.6265624222222222 0.019335935156250005 0.02968749722222215
1 0.45637201328125 0.5999999256944445 0.02812499687500001 0.023437495833333342
1 0.5038329453125 0.6062499243055556 0.019335935937500003 0.020312498611111115
1 0.4849364628906249 0.6242186722222223 0.025488278906250005 0.03437499722222215
1 0.46955560546874997 0.6382811708333334 0.022851560937500005 0.04374999444444438
1 0.433520453125 0.607031175 0.04218749374999993 0.015625
1 0.44670404570312494 0.6546874173611111 0.03515624609375001 0.07968748749999996
1 0.41066889453124994 0.6664061666666667 0.08261717812499998 0.10624998611111115
1 0.293334925 0.6648436673611111 0.17138669687499997 0.20937497361111101
1 0.5227294265625 0.6156249236111111 0.025488278125000007 0.03593749722222223
1 0.60183097890625 0.6359374208333334 0.039550776562500015 0.057812494444444376
1 0.5490966105468751 0.6015624256944445 0.010546872656250006 0.020312495833333343
1 0.561401296875 0.605468675 0.014062498437500005 0.021875
1 0.577661060546875 0.6015624256944445 0.016699216406250005 0.020312495833333343
1 0.6268798046875 0.6281249215277778 0.020214842187500005 0.05156249305555549
1 0.6216063675781249 0.5921874263888889 0.011425780468750002 0.01093749722222223
1 0.647973551171875 0.5585936805555556 0.009667967968750002 0.018749997222222228
1 0.657641519140625 0.5687499284722223 0.007910155468750003 0.010937498611111115
1 0.7723387707031251 0.6265624229166666 0.02812499609375001 0.045312495833333265
1 0.808813375390625 0.6281249222222223 0.0325195273437501 0.04218749722222215
1 0.78991689375 0.6218749222222223 0.014062498437500005 0.02656249722222215
1 0.665551674609375 0.65859366875 0.06416014765625003 0.13124998194444448
2 0.579438855859375 0.5921385986111111 0.022851560156250006 0.03593749722222223
1 0.127241646484375 0.6999510840277777 0.25400387421875 0.4984374374999999
1 0.7139114953125001 0.7093260840277777 0.14589842031249994 0.18593747916666672
0 0.9898880226562501 0.6702635909722222 0.017578123437500003 0.20468747361111117