3 0.47887028789062497 0.35047369027777775 0.02279323203125001 0.04691939999999997
3 0.45307794687499997 0.35687178958333327 0.02879145000000003 0.06398100138888888
3 0.426685785546875 0.3568717916666667 0.023992875781249978 0.07677720000000005
3 0.404492376171875 0.35473908958333333 0.02999109453124995 0.0938388013888889
3 0.34990858515625 0.36113718958333335 0.08637435156249999 0.14075820138888892
3 0.1305674734375 0.36326989097222223 0.261134946875 0.2900472013888889
1 0.549649269140625 0.36326989097222223 0.015595367968750029 0.025592401388888873
3 0.5874380480468749 0.3547390909722222 0.02399287578125007 0.038388598611111074
1 0.6054327039062499 0.3696679902777778 0.0263921640625 0.03838859999999996
1 0.6378230871093751 0.37180068958333334 0.043187175781249997 0.05971560138888891
1 0.6486198804687501 0.39206133888888894 0.04558646249999994 0.06611370000000005
1 0.7092018890625 0.40805658958333335 0.08517470624999994 0.1066349986111111
1 0.5370530125 0.3718006902777778 0.02399287499999998 0.03412319999999996
1 0.931678055859375 0.4752366416666667 0.1366438882812499 0.2793837