1 0.4393908875 0.44028914652777773 0.007647279687500052 0.01359516527777779
1 0.43212597187499996 0.44164866388888885 0.008412009374999928 0.016314199999999977
1 0.42027268710937504 0.44436769583333335 0.022941841406249976 0.03806646388888887
1 0.38280101328125 0.4484462465277778 0.032118578124999964 0.05166162916666666
1 0.37247718320312495 0.45184503541666665 0.02370656953124999 0.04486404583333336
1 0.352594255078125 0.4484462465277778 0.02982439453125001 0.06797582916666664
1 0.33227433710937504 0.4533987652777777 0.04817786640624999 0.07341389166666666
1 0.301584847265625 0.43606492916666667 0.06826153515624997 0.1216767305555556
1 0.226641498046875 0.4398035979166667 0.11720413046875 0.1780966652777778
3 0.10150809218749998 0.40513592638888885 0.2018882046875 0.36163140000000005
1 0.40727231015625004 0.449417325 0.027530209375000014 0.032628397222222265
1 0.504775141796875 0.4430081805555556 0.006882552343749992 0.016314199999999977
1 0.512422421484375 0.4409689041666667 0.013000377343750013 0.023111783333333354
1 0.523128614453125 0.4450474541666667 0.019118202343750036 0.031268883333333344
1 0.534981898046875 0.44980576180555554 0.024471297656250002 0.03534742916666668
1 0.553153291796875 0.45634438888888884 0.021412385156250036 0.04622356388888886
1 0.578991828515625 0.4606591784722222 0.045559249218749986 0.06301024027777775
0 0.774982357421875 0.5247926958333333 0.08488481484375007 0.22839877777777776
1 0.447609239453125 0.4429127125 0.01911820078125004 0.025830811111111115
1 0.4648156210937501 0.4395139208333333 0.010706192187500019 0.013595166666666674
1 0.49693419921875004 0.4401936805555555 0.012235650000000042 0.023111783333333275
1 0.475521813671875 0.44643510277777776 0.019882930468750004 0.029909366666666652
1 0.6384088890624999 0.46750760972222216 0.07953171718750003 0.11283987222222222
1 0.7609468847656251 0.49428339097222224 0.16747544296875008 0.17401811805555556
1 0.879072816796875 0.5628929506944444 0.24012460703124994 0.3018126708333333