1 0.4345803859375 0.5477339916666667 0.022412093749999952 0.03984372222222221
1 0.38118686757812503 0.5629683555555556 0.08701165859375007 0.14999989722222223
1 0.605307807421875 0.4926559041666667 0.021093735156250036 0.028124980555555526
1 0.6554054292968751 0.5594527340277777 0.06855463984374995 0.16171864027777774
1 0.7002296175781251 0.5606246069444445 0.039550755468749976 0.07968744444444442
1 0.738462012890625 0.5817183423611111 0.09228509296875007 0.10312492638888884
1 0.849204124609375 0.5934370847222223 0.18457018671875006 0.1453124
1 0.22562056796875002 0.6098433243055555 0.26367169375 0.2906248013888889
1 0.5492775730468751 0.6836713972222221 0.29135722265624997 0.3867184861111111
1 0.963242131640625 0.6461714236111111 0.07250971640625004 0.13828115555555556
1 0.010728138281249999 0.7891400770833333 0.021093734375 0.23671858750000002