1 0.7433601707031251 0.6150409666666667 0.14174998828125007 0.20249998333333338
1 0.515547996484375 0.5285155819444445 0.010968749218749973 0.02550000000000002
1 0.523141745703125 0.5315155819444445 0.014343747656250017 0.03150000000000001
1 0.53453237109375 0.5330155819444444 0.011812498437500008 0.02849999722222228
1 0.42273550468749993 0.5300155798611111 0.009281251562499992 0.04049999305555553
1 0.41429800390625005 0.5277655840277777 0.007593746874999941 0.03600000138888883
1 0.407548005859375 0.5337655826388888 0.012656249218749948 0.04499999583333331
1 0.40248550625 0.5450155819444444 0.027843746875 0.06449999444444446
1 0.369579258203125 0.5667655798611111 0.07846874296874998 0.0839999930555556
1 0.437923003515625 0.5292655819444444 0.019406249218750025 0.020999997222222237
1 0.48053237578125 0.5292655833333334 0.025312498437499987 0.029999997222222182
1 0.5552042433593749 0.5367655833333334 0.03965624609375 0.04799999722222223
1 0.899173755859375 0.7229999430555556 0.1957499835937501 0.3149999750000001