1 0.8329733042968751 0.5831517159722223 0.03216865859375009 0.03639282638888896
1 0.79446839453125 0.581418725 0.013647309375000116 0.03985880833333337
1 0.7671737746093751 0.5770862451388888 0.052639624218749945 0.03812581805555561
1 0.7198955941406251 0.581418725 0.06531212578124998 0.04332479444444443
1 0.67992847265625 0.5788192368055556 0.03801750624999993 0.0415918013888889
1 0.666281162890625 0.5848847076388889 0.03801750703125002 0.02946085972222221
1 0.63216288828125 0.5788192368055556 0.05166481562499996 0.0415918013888889
1 0.5907335546875 0.5779527402777778 0.04679077656250001 0.03985880833333337
1 0.558564894921875 0.5779527409722222 0.023395388281250006 0.02946085972222221
1 0.5288332562500001 0.5736202625 0.039967121875 0.03812581944444441
1 0.4781432484375 0.5779527409722222 0.045815968750000026 0.025994876388888914
1 0.42452881679687504 0.5753532534722222 0.04191673671875007 0.031193851388888857
1 0.38407429140625 0.5770862451388888 0.038992314062499964 0.027727868055555563
1 0.309014086328125 0.5632223111111111 0.06628693359374997 0.03812581944444449
1 0.254912251171875 0.5675547881944444 0.04191673671875003 0.032926840277777814
1 0.1442715609375 0.5770862451388888 0.04094192968749999 0.034659834722222234
1 0.050202604296874995 0.5762197486111111 0.07116097265625 0.060654711111111065
1 0.023882791796875 0.5796857326388889 0.04776558359375 0.05025675972222222
1 0.1988608 0.57621975 0.04289154531249999 0.03292684444444439