1 0.3756726546875 0.5954682423611112 0.01835347343749998 0.03262839583333338
1 0.35559854375 0.6005664291666667 0.03326567031250001 0.04690331944444447
1 0.335524432421875 0.6087235291666666 0.027530208593749973 0.05506041944444446
1 0.3131561359375 0.6066842527777777 0.0378540390625 0.05913896666666669
1 0.28964074921874994 0.6117824402777777 0.032118578125000005 0.06933534166666667
1 0.255227987109375 0.6240180895833334 0.08259063046875 0.10196374027777783
1 0.189843739453125 0.6617446729166667 0.10323828671875002 0.12847431249999994
1 0.082017082421875 0.6933534326388889 0.16059288984375 0.1916918319444444
1 0.022975605078125 0.7280530145833333 0.04237487734374999 0.1672843569444444
1 0.47489611953125 0.5842522298611111 0.017206381249999937 0.03874622083333337
1 0.48808767812500004 0.5924093298611111 0.025236024999999974 0.04690332083333336
1 0.508161788671875 0.5944486041666667 0.040148222656249996 0.05506041944444446
1 0.536839091015625 0.6066842527777777 0.04473659140624999 0.07137461666666667
1 0.5764137667968751 0.6148413520833333 0.08029644609375 0.12847431250000002
1 0.6521218457031249 0.6352341006944445 0.15141615390625002 0.17741690694444448
1 0.442203996484375 0.589350417361111 0.029824394531250055 0.040785495833333366
1 0.8815402593749999 0.7219032791666666 0.23630096562499991 0.4445619083333333
1 0.391430836328125 0.5964878798611111 0.021794749218749975 0.03058912083333338