1 0.38498313164062503 0.4760526326388889 0.014987664843750003 0.0213157902777778
1 0.40746462812500006 0.47427631805555553 0.009991776562500032 0.024868422222222207
1 0.41146133945312496 0.48226973749999996 0.009991775781250035 0.033750000000000016
1 0.41845558203125 0.4858223708333333 0.013988489062499988 0.033750000000000016
1 0.42644900234375005 0.4973684256944444 0.015986842187500017 0.03552631805555559
1 0.438439134375 0.4973684229166666 0.01199013124999997 0.042631579166666635
1 0.458922276171875 0.5000328965277778 0.03896792734375003 0.04796052638888884
1 0.32453288515625 0.4902631597222222 0.05595394843750001 0.07460526111111115
1 0.212624989453125 0.5106907930555555 0.02198190859375 0.033750000000000016
1 0.182649659765625 0.511578951388889 0.043963814843750004 0.0355263166666667
1 0.6622549265625001 0.48315789722222224 0.05195723750000001 0.04973683888888887
1 0.8196254035156251 0.5760811152777778 0.36070312734375004 0.5943990694444444