1 0.340063492578125 0.41026678333333333 0.010135391406249994 0.022176583333333295
1 0.35370728710937505 0.4123458368055556 0.018711491406250013 0.023562618055555616
1 0.364232501953125 0.4137318736111111 0.011694682031250014 0.023562619444444426
1 0.37475771523437496 0.4144248916666667 0.014033619531250041 0.024948655555555553
1 0.327199340234375 0.41165281875 0.018711491406249968 0.01940450972222223
1 0.29913210390625 0.41026678194444444 0.031185820312500036 0.03880901944444446
1 0.27886132070312497 0.41355170208333336 0.009355746093749983 0.028746420833333276
1 0.255149589453125 0.41788998125 0.03054108515624998 0.02633469305555549
1 0.159575561328125 0.41858299861111115 0.03586369140625001 0.060985602777777835
1 0.12098310898437499 0.4213550715277778 0.05691412109374999 0.06652974861111116
1 0.082000833984375 0.41858300069444443 0.03352475546875 0.05544145694444443
1 0.00845021796875 0.41788998055555554 0.0169004359375 0.0595995666666667
1 0.41451963593749996 0.44838278541666665 0.04989731093750001 0.07068785694444446