1 0.49866441015625007 0.3654025902777777 0.016795012499999994 0.029857799999999952
1 0.47827046601562506 0.3718006902777778 0.016795013281249993 0.0383886
1 0.41708863515624994 0.3664689402777777 0.043187175 0.044786699999999985
1 0.4554772359375 0.3867295902777778 0.05998218749999999 0.0725118
1 0.17656006210937497 0.3984594402777778 0.04198753203125001 0.07464449999999997
1 0.07758945351562499 0.4059238895833333 0.12236366171874999 0.10236959861111106
1 0.297124259765625 0.40699024097222225 0.22073445078125004 0.2623221013888889
1 0.5286555046875 0.3686016402777778 0.04558646406250002 0.0618483
1 0.6138302101562501 0.38139783958333334 0.06238147500000002 0.057582898611111155
1 0.684009369921875 0.38672958958333337 0.09957043046875 0.14075819861111105
1 0.7577874609374999 0.35154003888888885 0.047985751562499956 0.05758289999999996
1 0.7799808703125001 0.35154003888888885 0.06837969374999994 0.0618483
1 0.8123712535156251 0.34727464027777777 0.06358111953125008 0.06611369999999997
1 0.8759523703125 0.34727464027777777 0.0923725703125001 0.07890990000000002
1 0.9203391898437498 0.34727464027777777 0.09717114374999998 0.09597150277777781
1 0.950872355859375 0.36007084097222225 0.09825528828125005 0.1087677013888889