1 0.283712285546875 0.4269729451388889 0.016854194531249967 0.021639954166666718
1 0.268262606640625 0.4327990861111111 0.023408603906249992 0.03329223611111113
1 0.247194862109375 0.43363139236111103 0.029963014843750014 0.03495684861111109
1 0.388114661328125 0.4402898402777778 0.017790539843749988 0.021639952777777752
1 0.40918240585937493 0.4327990861111111 0.02059957109374997 0.03329223611111113
1 0.42603660039062496 0.44195444930555555 0.013108817968750052 0.028298401388888866
1 0.4363363859375 0.43862522777777774 0.01685419375000006 0.03162762499999998
1 0.451317893359375 0.4486128972222223 0.029963013281250016 0.0416152972222222
1 0.534184353515625 0.44611598125 0.029026669531249993 0.04993835694444439
1 0.56742457109375 0.46442671250000006 0.06554409218749999 0.09987671111111109
1 0.6484183421875 0.47441438263888885 0.1470060359375 0.12983972638888888
1 0.35253358242187505 0.4377929201388889 0.01779053984375003 0.019975343055555487
1 0.886249763671875 0.4852343590277778 0.22565894765624997 0.37120844861111113
1 0.36932164140625 0.4364059430555555 0.013183584375000024 0.028124980555555526