1 0.21327545781249996 0.40508522569444444 0.07651137656249998 0.05780859583333332
1 0.209449889453125 0.4178371208333333 0.059296316406249994 0.05270783611111109
1 0.153022749609375 0.4093358569444444 0.09372643359375002 0.0731108694444444
1 0.12959114062500002 0.4178371201388889 0.02964815781250001 0.045906823611111175
1 0.086075296875 0.40933585763888897 0.08990086562499999 0.09011339583333332
1 0.06933843437500001 0.4169869944444444 0.0908572578125 0.08841314444444445
1 0.04351584453125 0.41953737430555554 0.058339923437499996 0.0867128930555555
1 0.0296481578125 0.435689775 0.03060455 0.06801011111111105
1 0.364385423828125 0.42378800555555557 0.03825568671874997 0.05100758333333333
1 0.754880371484375 0.5233378111111111 0.22857773203125004 0.24143589444444444
2 0.609700020703125 0.3298490388888889 0.16928141796875 0.2618389277777778
1 0.76444429453125 0.3596034611111111 0.14250243593750006 0.18532755277777777
1 0.5005119144531249 0.5491816479166667 0.30221993203125 0.45906825138888885