1 0.351368250390625 0.42638119444444444 0.03356353515625003 0.057182319444444435
1 0.47233682304687497 0.43135356874999997 0.015383285156250004 0.04226519027777774
1 0.4823441367187501 0.43632594861111107 0.017744351562499983 0.04723756388888892
1 0.50799807734375 0.44005522708333333 0.04475137812499996 0.08950275972222228
1 0.53596768984375 0.45994473333333336 0.041954418749999965 0.09447513333333338
1 0.59470387578125 0.45621544999999997 0.10069060312500007 0.1765193305555556
1 0.71007852265625 0.48232042500000005 0.22515537500000002 0.3430939
1 0.43737480781250004 0.4350828513888888 0.02657113124999997 0.03977900555555552
1 0.3080153515625 0.4301104777777777 0.05314226249999998 0.07458563055555559
1 0.26676017460937496 0.4313535722222222 0.03216505234375 0.04723756666666669
1 0.24228676484375003 0.42265191527777785 0.01678176874999999 0.02983425277777777
1 0.05069492109375 0.42140881944444447 0.025172649999999998 0.04723756944444446
1 0.017830628515625002 0.4214088180555556 0.03496201484375 0.0422651916666667
1 0.14089691992187497 0.4425414173611111 0.16362223046875 0.14419889027777782
1 0.8583174687499999 0.6476519027777777 0.28109460156249994 0.4947513611111111