1 0.428642282421875 0.27283288263888894 0.01115465859375 0.012203387500000003
1 0.42435203046875003 0.2842735590277778 0.01287076093749997 0.016779656944444415
1 0.443229144140625 0.2865616951388889 0.01973516484374995 0.02440677361111112
1 0.456099904296875 0.2911379680555556 0.009438558593750025 0.01830508333333335
1 0.47411896796874997 0.2888498291666667 0.01973516562500004 0.025932197222222206
1 0.503292691796875 0.2880871180555556 0.01630296171875001 0.024406774999999964
1 0.393462205078125 0.28961254305555556 0.012870761718750012 0.015254233333333329
1 0.38445267265625 0.2987650826388889 0.020593217187500023 0.02440677361111112
1 0.3724399625 0.3178328763888889 0.025741520312499988 0.04118643333333334
1 0.34455331484374996 0.3315616854166667 0.043760585937499964 0.07169490138888888
1 0.292212223828125 0.3529176159722222 0.06606990234375001 0.06559320972222224
1 0.08462523515625 0.3002905076388889 0.10468218281250001 0.12203387361111113
1 0.036306262890625 0.31990308680555557 0.07261252578125 0.07932201805555555
1 0.8913767605468751 0.4312589979166666 0.21365462109375005 0.30203384027777774