1 0.552815937109375 0.4190098111111111 0.012895058593750086 0.017830205555555523
1 0.570725741796875 0.4126418805555556 0.014327842968749938 0.025471722222222187
1 0.587919152734375 0.4190098097222222 0.014327842968749938 0.02801889444444446
1 0.6151420546875 0.4202833958333333 0.017193412499999994 0.030566066666666655
1 0.6359174265625 0.4241041534722222 0.024357334374999963 0.03311323749999996
3 0.74839099375 0.41433998680555556 0.1518751359375 0.10188688472222225
1 0.516279937109375 0.4130664034722222 0.020058980468749966 0.022924548611111106
1 0.503384879296875 0.41518905347222224 0.022924547656250027 0.0254717208333333
1 0.47687836914062504 0.41773622569444446 0.018626196093749936 0.03056606527777777
1 0.3980752328125 0.43811360208333333 0.024357334375000005 0.0254717208333333
1 0.24620009453125 0.45339663472222225 0.055878587499999986 0.030566066666666655
1 0.13444291914062498 0.4610381493055556 0.09026541171875 0.056037784722222185
1 0.36727036874999996 0.41476451180555557 0.017193412499999994 0.017830204166666717
1 0.493355388671875 0.3574531402777778 0.014327842968750027 0.025471722222222267
1 0.49192260507812496 0.3752833423611111 0.014327842968749938 0.02037737916666668
1 0.4926389976562501 0.3956607208333333 0.015760628124999964 0.02037737777777772
1 0.5098324078124999 0.3905663743055555 0.018626195312500027 0.02037737638888891