1 0.437726153515625 0.4792561326388889 0.01147091953124999 0.020392748611111088
1 0.44613816249999994 0.49489057291666666 0.014529832812500042 0.032628395833333296
1 0.44766761875 0.5180023513888888 0.00994146406249996 0.024471297222222275
1 0.3979602953125 0.48333468194444446 0.017588745312500008 0.020392749999999973
1 0.38687173828125 0.5023679125 0.016824017187499995 0.03126888055555557
1 0.3807539140625 0.5173225944444444 0.02141238593749999 0.05302114444444447
1 0.264132887109375 0.5825793881944444 0.043589499218749994 0.11283987083333334
1 0.180395166015625 0.5886972131944445 0.13459213671875 0.1631419847222222
1 0.07031465273437501 0.6852228854166666 0.14062930546875002 0.28277943749999995
1 0.84059594375 0.7464011284722223 0.31707835468750006 0.5003020847222222
1 0.714940071875 0.5465522 0.15753397812499995 0.10876132222222215
1 0.355900253125 0.5295582416666667 0.042060042187500014 0.04758307777777778
1 0.46908000468749994 0.5295582416666667 0.03747167343750002 0.04758307777777778
1 0.550141178125 0.5812198708333333 0.10629719843750003 0.1373111694444444