1 0.226102628515625 0.45864236875000003 0.03620860859374999 0.03397350972222218
1 0.033492948828125 0.41751654166666663 0.02514486796875 0.019668874999999985
1 0.170783920703125 0.3889072722222222 0.016092713281250014 0.0125165555555556
1 0.294999563671875 0.4684768034722222 0.019110099218749975 0.014304634722222194
1 0.3256763 0.47384104236111113 0.026150662499999998 0.017880793055555542
1 0.355423098046875 0.48009932013888884 0.017250219531249965 0.023245031944444446
1 0.376971827734375 0.48725163750000006 0.020115892968749983 0.02324503333333333
1 0.5283439249999999 0.5265893847222223 0.017098510937499967 0.02682119166666668
1 0.5499685109374999 0.5365369486111111 0.02011589374999998 0.03598784166666667
1 0.5786336582031251 0.5471522979166666 0.03520281328125004 0.03218542916666662
1 0.6218828296875 0.5534105770833334 0.04928393906249999 0.04827814305555557
1 0.6726754589843751 0.5632450118055555 0.05230132265625 0.06079470138888894
1 0.739057907421875 0.5898518027777778 0.06839403671874997 0.07467053333333327
1 0.81298381484375 0.6070529576388889 0.08750413437499996 0.08761589027777777
1 0.912557487109375 0.6357970416666666 0.10963161796875003 0.10934247222222224
1 0.9843358671874999 0.6544508027777778 0.03032224531250005 0.10015992500000005