1 0.327535435546875 0.5632223097222222 0.021445772656249983 0.03812581666666672
1 0.352393036328125 0.550224873611111 0.022420580468750017 0.0259948777777778
1 0.40746968046875 0.5311619625 0.015596925000000006 0.029460858333333326
1 0.38943573515624996 0.5337614520833334 0.016571732812499997 0.02426188472222227
1 0.36993957851562503 0.5346279479166667 0.01462211796874997 0.02252889305555554
1 0.47229440117187504 0.5380939312499999 0.014622117968750015 0.019062909722222247
1 0.49617719375 0.5380939312499999 0.015596926562500002 0.019062909722222247
1 0.425503625 0.5467588895833333 0.01657173437499999 0.02252889305555554
1 0.44743680117187506 0.5415599159722222 0.015596925781250003 0.015596926388888871
3 0.4498738203125 0.5346279479166667 0.02047096406249995 0.039858809722222256
3 0.25558962734375 0.5577631604166666 0.041965460937499977 0.02486842083333332
1 0.8985604367187501 0.5213486868055556 0.04496299374999992 0.040855262500000024
1 0.8261200578125001 0.5337828979166667 0.06794407968750002 0.04796052638888884
1 0.958011505859375 0.5337828979166667 0.08393092109375004 0.07638157916666664
0 0.580322359375 0.5195723715277778 0.015986842187500017 0.03730263194444442