1 0.4049173203125 0.4926559041666667 0.013183584375000024 0.018749986111111068
1 0.39700716953125 0.4949996541666667 0.013183584375000024 0.018749986111111068
1 0.38711948085937503 0.49734340069444444 0.01977537734374999 0.02812497916666664
1 0.37591343359375 0.50671839375 0.015820301562500028 0.02812497916666672
1 0.3640482078125 0.5055465194444444 0.015820301562499983 0.025781230555555604
1 0.318564840234375 0.5242965090277778 0.027685527343750006 0.053906212500000016
1 0.28890177499999997 0.5254683812500001 0.0527343390625 0.06562495416666671
1 0.470176064453125 0.4879684069444445 0.014501942968750025 0.028124980555555526
1 0.487314723828125 0.4926559041666667 0.02768552734374996 0.04687496666666667
1 0.500498308984375 0.49617152638888895 0.01713866015625003 0.049218713888888904
1 0.5222512238281249 0.4961715270833333 0.03955075390624998 0.06328120694444447
1 0.541367421875 0.5055465201388889 0.05141598125 0.07734369583333331
1 0.585532430859375 0.5137496409722222 0.06064448828125002 0.10781242638888891
1 0.661997221875 0.50789026875 0.15820301718750002 0.1851561236111111
1 0.3508646234375 0.5137496395833333 0.03164060468749996 0.04218747083333333
1 0.42469269765625006 0.4926559041666667 0.02109373437499995 0.037499974999999984
1 0.4536965828125 0.4961715270833333 0.026367168750000048 0.04453122083333333
1 0.23814497304687504 0.54539024375 0.08041986640625001 0.09609368194444445
1 0.8610693503906249 0.5910933368055555 0.27685527890624995 0.37499974305555567