1 0.540073828515625 0.4408911916666666 0.007919324218750034 0.01251448333333332
1 0.5273149195312501 0.44401981388888884 0.01055909843749996 0.03128621388888896
1 0.51719578515625 0.4408911916666667 0.01495872187500007 0.03128621111111111
1 0.5013571390625 0.44300907291666664 0.021998118750000017 0.05429370694444447
1 0.48155883203125 0.4463662784722222 0.033437140624999986 0.07352259861111107
1 0.45648097695312495 0.4526235215277778 0.05367541015624999 0.10793743750000004
1 0.40148567851562494 0.4573164534722223 0.10559097265624998 0.17989572916666666
1 0.30029433085937496 0.4956420659722222 0.23230013671874997 0.22526074027777782
1 0.555472512109375 0.4448019680555556 0.008799247656250042 0.017207419444444445
1 0.562511909375 0.4463662798611111 0.012318945312499973 0.023464659722222257
1 0.56955130859375 0.4487127458333333 0.010559096875000052 0.028157591666666645
1 0.58582991796875 0.4463662791666667 0.03431706562499999 0.057879497222222256
1 0.592869315234375 0.4635736972222222 0.02903751796874996 0.07039398055555558
1 0.612227659375 0.4659201631944444 0.037836765625000005 0.11263036805555554
1 0.637305515234375 0.4690487833333333 0.04223638828124994 0.14704520555555556
1 0.700220135546875 0.49016697847222224 0.14518758515625 0.21743918750000002
1 0.8597509925781249 0.5838277243055556 0.27949199609375003 0.6726557902777779