1 0.3246944703125 0.47565519097222225 0.015210910937499999 0.024961498611111133
1 0.311238663671875 0.47842869097222224 0.016380980468750028 0.024961498611111053
1 0.23635417421875 0.4701081909722222 0.028081684375000027 0.05408324305555554
1 0.40308917187500004 0.4950696895833333 0.015210912499999996 0.029121745833333375
1 0.10472127890625 0.46664132152777776 0.07605456093749999 0.08320498749999995
1 0.27894472773437495 0.4896613659722222 0.07254435234375003 0.10816648750000005
1 0.357339429296875 0.5293917465277777 0.10062603359374997 0.16016960416666667
1 0.1900193953125 0.4753085027777778 0.05850350781250002 0.06864411944444444
1 0.06131167695312499 0.615508913888889 0.12168729765625 0.39314357777777786
1 0.552156113671875 0.5610096451388888 0.11115666640625 0.12189530694444449
0 0.597788848046875 0.5069264006944445 0.02223133359374998 0.08611717083333335
0 0.675598515234375 0.5375042381944444 0.03042182421875008 0.12480748472222218
0 0.7200611816406249 0.5364641722222222 0.02574154453125006 0.1268876055555556
0 0.7539932164062499 0.5395843604166667 0.037442245312499976 0.12064723472222218