1 0.087900444140625 0.6356336874999999 0.17580088828125 0.16179766944444446
3 0.9026329757812501 0.5623191166666667 0.19372802968750005 0.47022447777777776
1 0.21704033359375 0.6166730229166666 0.0995434875 0.11376398472222225
1 0.28672077421875 0.5989764034722223 0.05972609374999997 0.0733145680555555
1 0.330093294921875 0.5951842701388889 0.044083544531250005 0.0707864791666667
1 0.357112241015625 0.5901280923611111 0.02701894453125 0.0707864791666667
1 0.38910836171875 0.5913921368055556 0.042661495312500054 0.03792132916666668
1 0.659297828515625 0.593920225 0.022752797656250046 0.03792132777777779
1 0.6301458074218751 0.5863359611111112 0.03839534453125006 0.04803368333333332
1 0.690582926171875 0.6078247118055556 0.039817394531249925 0.04044941805555556
1 0.564731515234375 0.593920225 0.04692764453125005 0.04297750555555556
1 0.5035833734375 0.5838078722222223 0.038395345312499975 0.05308986111111117
1 0.53557949453125 0.574959561111111 0.025596896875000042 0.03539323888888891
1 0.6052599363281249 0.5736955166666666 0.022752797656249955 0.03792132777777779