1 0.098967519921875 0.6304683166666667 0.19793503984375 0.22499984444444443
1 0.333066783203125 0.5695308583333334 0.04086911171875003 0.07031245277777781
1 0.9428075753906249 0.642187057638889 0.11337882890624992 0.1687498847222222
1 0.8465674070312499 0.5953120916666667 0.13183584531249987 0.16874988333333332
1 0.769443437109375 0.5917964659722222 0.06459956640625011 0.10546867638888892
1 0.731870220703125 0.5906245944444445 0.021093736718749943 0.09374993611111111
1 0.70748058828125 0.5812495986111111 0.027685528125000046 0.07968744444444442
1 0.681113419140625 0.5824214736111111 0.022412094531249947 0.07265619999999996
1 0.6448585605468751 0.56953085625 0.04482418828124999 0.060937456944444475
1 0.609262883984375 0.5671871076388888 0.026367169531250047 0.05624995972222224
1 0.5868507890625001 0.55195274375 0.021093735937499948 0.02578123194444449
1 0.482700470703125 0.5648433625 0.02373045234374995 0.06093746111111113
1 0.46688016875000005 0.5449215013888888 0.01054686718750002 0.016406238888888917
1 0.4536965828125 0.534374632638889 0.007910151562500013 0.028124981944444412
1 0.4438088953125 0.5484371243055556 0.01713866093750003 0.037499976388888946
1 0.42996613046875004 0.5437496256944444 0.010546868749999928 0.02812497916666672
1 0.42205597968749997 0.5214840166666667 0.01054686718749993 0.016406238888888838
1 0.381846047265625 0.5777339784722222 0.06459956640625002 0.09609368472222223
1 0.52688852265625 0.5883967548611111 0.09742933281249995 0.1630190152777778