1 0.049874183203125 0.6107141756944444 0.09524362578125001 0.565932098611111
1 0.22920677617187496 0.6002541340277777 0.11412074296875 0.10830506250000001
1 0.31844404648437497 0.5811863402777777 0.05920549765624998 0.07322032500000002
1 0.34761777109374997 0.5743219375 0.028315673437500032 0.05338982222222223
1 0.367352936328125 0.53618635 0.03518007890625001 0.05338981944444446
1 0.4295616246093751 0.5598304138888889 0.02230931640625 0.07016947777777777
1 0.48233174179687505 0.560593125 0.08494701796874997 0.10830506388888889
1 0.521802073828125 0.5461016048611111 0.007722457031249963 0.03661016250000004
1 0.532098681640625 0.5453388930555556 0.018019064843749977 0.04423727777777771
1 0.5411082140625 0.5499151624999999 0.01544491249999993 0.044237277777777785
1 0.6157586234375 0.5537287208333332 0.06864405468750005 0.09457625555555553
5 0.695986362109375 0.5796609180555555 0.08837921953125001 0.11898303055555554
0 0.50092997890625 0.6261863236111112 0.09781777812500003 0.33406773611111107
0 0.576438440234375 0.6254236104166667 0.07722456171875 0.28067790972222234
0 0.7943833124999999 0.5407626083333332 0.02230931718749991 0.1418643777777778
0 0.8338536453124998 0.5438134569444445 0.03260592656250001 0.1418643777777778
0 0.8630273687500001 0.5346609166666667 0.027457621875000095 0.14491522777777774
1 0.38895436484375 0.5689829423611111 0.07465040937499996 0.10067794583333338