0 0.603970295703125 0.4729594 0.03013394140625003 0.026020422222222252
1 0.66789730234375 0.47755123680555556 0.04606188281249999 0.04132655416666664
1 0.91006297109375 0.49949001319444447 0.1343112875000001 0.11938780694444447
1 0.557673609765625 0.4666499694444444 0.025829092968750002 0.016836741666666596
1 0.370360494921875 0.48025532013888894 0.018080363281249977 0.02622449305555558
1 0.46549765546875 0.47500021458333336 0.01721939531249994 0.030612256944444503
1 0.49175723398437493 0.46428592430555554 0.011192607031250024 0.018367356944444503
1 0.538880991015625 0.4709696048611111 0.014636486718750064 0.010714290277777788
1 0.444174313671875 0.4671430715277778 0.018080363281250022 0.009183673611111153
1 0.43513413125000006 0.4411226555555556 0.018941334375000007 0.021428583333333348
1 0.454075465625 0.44341857291666664 0.01377551562499999 0.016836740277777786
1 0.39329100859375005 0.46836755763888893 0.013775515625000035 0.021428581944444462
1 0.35067300585937505 0.4683675590277778 0.009470667968750002 0.012244901388888884