1 0.457526042578125 0.5873123958333333 0.017008403906250004 0.028458505555555527
1 0.441518133203125 0.58998038125 0.017008403906250004 0.03735178750000006
1 0.41600552773437494 0.5828657555555555 0.04001977265625003 0.058695669444444494
1 0.387491437890625 0.586423067361111 0.025012358593750016 0.05513835138888889
1 0.11885871367187499 0.58019776875 0.10805338671875 0.20632416250000002
1 0.516555207421875 0.5846444111111111 0.015007414843749966 0.023122536111111064
1 0.48503963671875 0.5979843368055555 0.0480237265625 0.0782608902777778
1 0.540567070703125 0.6006523215277778 0.02501235859374997 0.044466412499999955
1 0.26142915507812503 0.6077669458333333 0.25512605234374996 0.3254941527777777
1 0.034316943359375005 0.6255535124999999 0.06703311953125 0.21877475833333326
0 0.688139984375 0.6184388854166667 0.02801384218749998 0.12272730138888888