1 0.294545405078125 0.5979183173611111 0.22652537890625002 0.3584745041666666
1 0.18260589023437498 0.49218732777777774 0.09703121640624998 0.20062493055555555
1 0.079773894140625 0.5624998027777778 0.15714838203125 0.2624999083333333
3 0.35241051914062493 0.3796873659722222 0.12656245703124996 0.2606249097222222
1 0.42563876523437505 0.4587051972222222 0.022003413281249974 0.04366069999999998
1 0.4477146875 0.4849551875 0.05800779218750005 0.07687497500000001
0 0.5109959148437501 0.4583034076388889 0.00949218437499999 0.03374998749999997
0 0.6283675332031249 0.4489284111111112 0.013710933593749974 0.04874998333333333
0 0.64313315234375 0.4442409145833333 0.013710932812499976 0.061874979166666656
0 0.669500330859375 0.4470534125 0.015820307031250015 0.09374996666666667
0 0.6905940738281251 0.44517841319444446 0.015820307031250015 0.09749996527777777
0 0.711687816015625 0.44611591319444444 0.024257803906249986 0.0993749652777778
0 0.730672184375 0.444240913888889 0.013710932812499976 0.10312496388888891
0 0.7406917125 0.4404909152777778 0.008437498437500057 0.11437495833333332
0 0.7533479578125 0.43486591666666674 0.010546871875000008 0.1181249583333333
0 0.5283982523437499 0.44999984305555557 0.00949218437499999 0.031874988888888824