1 0.4016208332031249 0.4635752875 0.01949615703124996 0.029460861111111094
1 0.525421429296875 0.46790776666666667 0.040941928906249994 0.04159180000000002
1 0.5527160488281251 0.4783057159722222 0.017546541406249984 0.051989751388888866
1 0.867766949609375 0.49459550486111115 0.16024441953124996 0.10536523194444448
1 0.284643890625 0.4913031548611111 0.05848847031249997 0.07798462916666667
1 0.052639623437500005 0.5398269229166667 0.10527924687500001 0.18196413194444447
1 0.42014218124999997 0.4826381965277778 0.033143465625000076 0.05372274583333336
1 0.356779671484375 0.5034340944444444 0.08968232265624998 0.12650839444444448
1 0.47131959335937496 0.48350469305555555 0.07311058828124999 0.1351733583333334
1 0.57659883984375 0.48783717152777784 0.05166481562499996 0.07451864583333337
1 0.8081157042968752 0.4999681131944445 0.03704269765625003 0.06412069305555555