1 0.43386300664062494 0.6292926576388889 0.03305622890624997 0.04733978472222226
1 0.40539792070312497 0.6325574708333334 0.03489268828125005 0.06366384999999997
1 0.373719034375 0.6399032986111111 0.05050257187499998 0.07182588055555554
1 0.32183911953125 0.6480653298611111 0.08080411562499998 0.0848851291666667
1 0.195123573828125 0.6162334076388889 0.16711760234375 0.1811971069444445
1 0.9223606132812499 0.6733676298611111 0.049584343750000134 0.0408101597222222
1 0.8043682406249999 0.6529625493055555 0.03764737187500007 0.03591294027777773
1 0.7460607257812499 0.6292926576388889 0.0257104 0.031015720833333343
1 0.527281290234375 0.6299456236111111 0.017446342968749917 0.024486097222222173
1 0.48091074648437504 0.6194982201388889 0.014691657031250038 0.024486095833333367
1 0.5134107175781251 0.61809780625 0.019333458593749953 0.02864215972222218