0 0.623269558203125 0.5522731180555556 0.011700702343750003 0.01872112222222218
0 0.6103987859375 0.5470728083333334 0.007020420312499986 0.02080124722222223
0 0.655446487890625 0.5585134930555556 0.02223133359374998 0.03120187222222223
1 0.44132364726562495 0.56267374375 0.03159189453124993 0.052003118055555575
1 0.46121483984374995 0.5980358625 0.052653157812499976 0.08528511388888889
1 0.499242119921875 0.6011560506944444 0.07020421015625003 0.14560873194444449
1 0.57529668125 0.6344380451388889 0.126367578125 0.1788907291666667
1 0.6975690136718751 0.7488449069444444 0.31474887578125 0.35362120555555554
1 0.04291475546875 0.6219572972222223 0.0678640703125 0.1123267361111111
1 0.028477798046875002 0.7394843465277776 0.056955596093750005 0.22257334861111105
0 0.06982636953125002 0.5512330569444444 0.023401403124999998 0.045762744444444475
1 0.23480626249999997 0.6614796673611111 0.4376062421875 0.4742684402777777