1 0.6859167539062501 0.49543533402777784 0.09090463125 0.07345828472222225
1 0.29612871875 0.4796554243055555 0.07437651562500003 0.08978235138888885
1 0.44488175078125 0.45911429305555557 0.0128552 0.02285368888888889
1 0.46003252070312495 0.4607466986111111 0.021119257031249995 0.029383316666666638
1 0.37050523437500005 0.45666568263888885 0.02203748593749997 0.02775090694444447
1 0.216701946875 0.46237910624999995 0.020201029687499972 0.04897219305555554
1 0.243330576171875 0.46646012013888893 0.05142080078125 0.07345828750000002
1 0.183645716796875 0.4607466993055556 0.032137999218750005 0.06529625416666668
1 0.130388458203125 0.4415659236111111 0.11386034453125 0.14528416944444444
1 0.39796027773437503 0.46931683125 0.03856560078125 0.05386940972222223
1 0.005509371484375 0.5035973666666667 0.01010051484375 0.060399036111111096