1 0.058119890625000004 0.32208205625 0.11623978125000001 0.07486135138888893
1 0.610424965234375 0.39382418263888896 0.012632855468750037 0.01621995694444449
2 0.623759642578125 0.3875857375 0.021054755468749953 0.043669116666666716
1 0.6270682414062501 0.39783460555555555 0.012632853125000043 0.02994453888888889
1 0.6361919687500001 0.40282536180555556 0.016843803125 0.024953787499999987
1 0.5800459554687499 0.39346769375 0.0421095078125 0.0786044180555556
1 0.652333945703125 0.40442954305555556 0.035091257031250045 0.04491681388888888
3 0.48695386171875 0.3955174715277778 0.138259553125 0.22458404861111111
1 0.9213209644531251 0.41298511041666663 0.15580518359374995 0.08109979861111113
1 0.929041040625 0.4366912041666667 0.140365028125 0.0885859305555556
1 0.9594476179687501 0.45665422916666665 0.08095552968749989 0.10605357777777774
0 0.17214655625000003 0.3253909298611111 0.022231332812500004 0.08736523750000001