0 0.07383675625 0.4659804930555555 0.0399342515625 0.10981919444444443
0 0.037334353125 0.4271555249999999 0.018095207812499996 0.0809777888888889
0 0.107843266015625 0.4410215854166667 0.023086989843750006 0.07764993472222217
0 0.6569392359374999 0.4543330020833333 0.01684726250000006 0.09539849305555556
0 0.11429749453125 0.43761284861111105 0.009359589062500007 0.05879209444444445
0 0.6888723546875 0.4520335486111111 0.03743836250000001 0.14753487499999995
0 0.71632715234375 0.4448231986111111 0.02620685312500006 0.09983563055555551
0 0.736294278515625 0.43594892013888886 0.017471235156250042 0.10870990972222225
0 0.758133322265625 0.4304024951388889 0.024958907031250012 0.04880852916666664
0 0.7659329816406251 0.4137632243055555 0.021839044531250008 0.0510270986111111
0 0.789019971484375 0.40156108958333336 0.021839044531250008 0.04215282083333333
0 0.609633505859375 0.4548284270833334 0.015599316406250008 0.08430564305555556
1 0.48203109140624995 0.5313690777777778 0.23648564999999996 0.3860311055555554
1 0.19265156796875 0.4359489194444444 0.01996712500000002 0.03882496666666668
1 0.3314854921875 0.48253888124999994 0.09047604062499999 0.13866059861111107
1 0.2606645921875 0.43872213055555553 0.09858768593750003 0.1064913388888889
1 0.16359429765625 0.44141025624999997 0.01996712500000002 0.03993425416666664
1 0.1348915546875 0.4430741826388888 0.0299506890625 0.04326210694444441
1 0.8424765863281249 0.5928276298611111 0.3119863460937501 0.4226375041666667
1 0.012246730078125 0.47588444305555555 0.024025417968749997 0.06254236111111106