1 0.24275922851562498 0.4504684333333333 0.04482418984374999 0.04687496666666667
1 0.197275861328125 0.46335904930555555 0.05405269765625 0.06796870416666663
1 0.38646030195312503 0.4270309493055556 0.02636716953125 0.0374999736111111
1 0.4128274718749999 0.42585907361111114 0.03955075624999997 0.07265619722222219
1 0.42403351796875005 0.43523406875000004 0.04350582968749998 0.0914061875
1 0.471494421875 0.4516403069444444 0.09360344999999999 0.13359365833333334
1 0.485996366015625 0.46687467222222223 0.06723628203125002 0.12656241388888895
1 0.55257346953125 0.5020308958333334 0.17138660156249994 0.2062498555555556
1 0.325815812890625 0.4328903201388889 0.015820302343750026 0.02578123194444441
1 0.302744538671875 0.4328903201388889 0.03559567890624997 0.053906212500000016
1 0.13069875859375 0.48445278472222225 0.1028319609375 0.11015617499999995
3 0.35811559453125 0.42234345208333335 0.030322245312500006 0.06562495416666662
1 0.792514709375 0.5582808590277778 0.4139645578125 0.3890622319444445
1 0.9803807921875001 0.7856244534722222 0.03823239687500006 0.24843732916666664