1 0.42661052304687497 0.5516328909722222 0.016358425781249953 0.01836735416666673
1 0.44382991875 0.5546941173611111 0.03013394218750003 0.0397959375
1 0.495057620703125 0.5585206506944445 0.02066327578124998 0.035204098611111095
1 0.61301047890625 0.5600512624999999 0.055102064062499956 0.08418371111111114
1 0.049874747656249996 0.5716839541666666 0.057684975000000006 0.038265325000000024
1 0.27200495 0.55867374375 0.04563139843749999 0.04285716250000004
1 0.360746335546875 0.5559186347222222 0.025829092968750002 0.027551030555555498
1 0.40207288515624995 0.5643370069444444 0.03443879218750001 0.03520409722222221
1 0.46750658749999996 0.5643370069444444 0.03788267031249992 0.04132654999999998
1 0.5346622300781251 0.5605104756944445 0.04304848828124994 0.048979612499999964
1 0.6577809078125 0.5635717020833334 0.07232146093750007 0.0948980041666667
1 0.222560686328125 0.6000002694444445 0.08523600703124998 0.0903061638888889
1 0.097720069140625 0.6084186423611111 0.10934316171874998 0.09489800416666662
1 0.026259578125 0.5862247520833334 0.05251915625 0.06275512916666667