1 0.423209098828125 0.5165218861111112 0.026012852343749948 0.05335969722222226
1 0.38731636523437507 0.5213687076388889 0.06578250234375002 0.11427868472222226
1 0.50645023125 0.5348420277777778 0.154076125 0.2756917694444445
1 0.190719223046875 0.5469369104166667 0.27413544453125 0.29500287638888884
1 0.851107039453125 0.5741409791666667 0.29030609140625 0.2752156638888889
0 0.5907918988281249 0.5091404451388889 0.01300642578125002 0.0782608902777778
0 0.61480376171875 0.5073617881944444 0.015007415624999965 0.08181820416666667
0 0.697844791015625 0.5046938020833333 0.02101038046875008 0.11205536527777779
0 0.6348136484375 0.5020258187500001 0.01900939218750004 0.08537551527777777
0 0.6703311968750001 0.4993578347222222 0.02201087500000005 0.0800395472222222
0 0.71935541953125 0.49580052083333326 0.02601285156250004 0.10494073888888893
0 0.75837469765625 0.4602273881944444 0.01600790937500003 0.030237159722222233
0 0.77038063046875 0.4433301513888889 0.01600790937500003 0.028458505555555527
0 0.7898902679687501 0.44244082430555554 0.011005437499999982 0.012450595833333328
0 0.8229065820312499 0.42554358611111115 0.031015325000000083 0.035573130555555506
0 0.904113390625 0.4221344979166667 0.03401680625000001 0.05335969861111107
0 0.06593257617187501 0.6095456048611111 0.08304102890625 0.2934783347222222