0 0.9631101515625 0.5580233354166667 0.04289154531250006 0.22182294027777777
0 0.989817241015625 0.5805522284722222 0.018321096093749923 0.21142499027777772
1 0.46449593867187494 0.5970156493055555 0.03606788984374996 0.05025675972222222
1 0.483992096484375 0.5857512034722222 0.026319811718749975 0.05545573472222224
1 0.5892713421875 0.57621975 0.028269426562499957 0.05025675833333333
1 0.558564895703125 0.5753532534722222 0.013647310156250026 0.020795898611111124
1 0.8973106218750001 0.5571568395833334 0.06921135781250012 0.06065470972222226
1 0.9367903402343749 0.5493583770833333 0.019496155468750054 0.051989751388888866
1 0.50788198046875 0.5826315819444444 0.014987664062500006 0.03197368333333333
1 0.829117590625 0.5595394770833333 0.05395559218749994 0.031973684722222215
1 0.7841545972656251 0.5657565819444444 0.027976974218749985 0.026644736111111123