1 0.4042608890625001 0.4827163826388889 0.008316223437500003 0.013860373611111103
1 0.39828360390624995 0.4850264451388889 0.012994100000000008 0.029568798611111113
1 0.391266789453125 0.4877985194444444 0.012474336718750001 0.027720747222222286
1 0.3845098578125 0.49103260555555556 0.009355751562500014 0.02864477222222222
1 0.372295402734375 0.4942666923611111 0.021310324218749965 0.03511294583333332
1 0.35384378203125 0.5035069430555555 0.028067256249999995 0.04804929722222218
1 0.327595698828125 0.4979627916666667 0.025468436718750008 0.08501028888888887
1 0.278997764453125 0.5030449319444444 0.07900412890625001 0.10256676388888882
1 0.17712401953125 0.5575623993055555 0.1309805296875 0.15246410694444446
1 0.4214131015625 0.48317839375 0.01247433593749996 0.01848049583333338
1 0.43596649414062505 0.48179235763888884 0.005197639843749968 0.015708423611111123
1 0.44038448710937494 0.48317839444444444 0.007796460156249995 0.014784397222222228
1 0.447921067578125 0.4854884569444445 0.014553392968749978 0.024948672222222176
1 0.45363846953125 0.49010858194444445 0.01351386406249997 0.024948672222222176
1 0.462994221875 0.49149461805555555 0.014553390624999985 0.031416844444444474
1 0.47183021015625004 0.4988868166666667 0.018711504687500026 0.04435319444444445
1 0.47832726093750005 0.5025829173611112 0.021310323437500056 0.03696099583333334
1 0.49080159609375 0.5067410298611111 0.02650796406250002 0.0674538180555555
1 0.50821369140625 0.5136712166666667 0.03222536875 0.09240248888888895
1 0.54069894140625 0.5150572534722222 0.06601002812500001 0.14507190972222223
1 0.6132060203125 0.5349237888888889 0.14137580937500002 0.21252572777777773
1 0.7791839894531251 0.6180860284722222 0.31185840234375 0.3474333625