1 0.07445540546875 0.3439353159722222 0.14501056562499998 0.21050843472222225
1 0.295403456640625 0.3485115861111111 0.12870760234374998 0.17389827222222223
1 0.4841746070312499 0.3507997215277778 0.13042370468749995 0.23644063194444445
1 0.16326365078125 0.3271556583333333 0.06864405468750001 0.12203387499999999
1 0.22204012304687498 0.32791837013888886 0.05405719296874998 0.10220337083333332
1 0.40265979218750003 0.3119014236111111 0.024025418750000017 0.04881355000000001
1 0.37606022070312506 0.3180031173611111 0.025741521093749987 0.042711856944444467
1 0.801224334765625 0.3431726041666667 0.055773294531249906 0.028983044444444456
1 0.734296381640625 0.33707091041666665 0.03346397734374999 0.02593219861111109
1 0.635620553125 0.3317319284722222 0.048908889062500016 0.04576270416666668
1 0.965541041015625 0.35003700972222224 0.044618635156249906 0.024406775000000006
1 0.59743729765625 0.3256302347222222 0.025741520312499943 0.03050846944444443