1 0.43605833125000004 0.5481128694444444 0.014040842187499968 0.06448386666666665
1 0.4179222453125 0.5325119347222222 0.026911617187499993 0.06656399166666663
1 0.382235101953125 0.5512330583333334 0.05616336484374997 0.09568574166666666
1 0.340938299609375 0.5241914361111111 0.029733128906249996 0.04992299444444441
1 0.082697140625 0.5990759208333333 0.1638098234375 0.18305097222222227
1 0.23597633242187502 0.5897153652777778 0.29017740078125 0.3557013333333334
1 0.649596136328125 0.5553933055555555 0.057333438281249996 0.1289677333333333
1 0.69230369765625 0.5512330562500001 0.037442245312499976 0.07904474027777779
1 0.713364958984375 0.5626737416666666 0.05148308359375005 0.08112486666666664
1 0.7706983984375 0.5813948652777777 0.10062603437500002 0.11440686111111115
1 0.8713244339843749 0.5855551138888889 0.14274856171874992 0.17265034999999998
1 0.9538143796874999 0.5855551145833333 0.08775526249999999 0.2267335958333333
1 0.533707295703125 0.55109136875 0.19398676171874998 0.44364588194444443