1 0.9482627820312499 0.7552114333333334 0.019118201562499947 0.014954680555555436
1 0.96921635 0.7756041819444445 0.007647279687500052 0.012235649999999983
1 0.9711281707031251 0.7966766881944444 0.011470921093749985 0.019033231944444316
1 0.9819108175781249 0.8162925944444445 0.03517748984374993 0.024471297222222195
1 0.9848423046875 0.8340633916666668 0.029824393750000056 0.02854984722222219
1 0.9871364890625 0.8571751750000001 0.02523602500000006 0.02854984722222219
1 0.97490083984375 0.8857250229166667 0.04970732343749997 0.023111781944444312
1 0.8557306882812501 0.869410823611111 0.04435422656250001 0.04758307777777778
1 0.844259767578125 0.8789274381944444 0.029059666406249997 0.0530211430555555
1 0.8167295582031251 0.8796071965277779 0.04588368203125004 0.07069485972222225
1 0.79072880390625 0.8911630881944443 0.03211857812499987 0.07477340972222224
1 0.7448451203124999 0.8904833291666667 0.0780022609375 0.11148035555555554
1 0.698324180078125 0.9129153520833333 0.08641426953125002 0.11555890694444441
1 0.59154265546875 0.9244712444444445 0.16385572656250008 0.1468277861111111