1 0.9796245578124999 0.71796686875 0.03976192031250001 0.16355229861111112
1 0.4837700265625 0.6257954458333334 0.06782915781250001 0.10672480277777778
1 0.865406493359375 0.6458929736111111 0.1699627164062501 0.18850095277777779
1 0.5453620199218749 0.6063909354166667 0.03040617421874998 0.040195054166666626
1 0.7535273664062501 0.6306465736111111 0.10369285000000002 0.12197120555555559
1 0.6934946625 0.6202513006944445 0.06782915781250001 0.09563651250000002
1 0.65139380625 0.6181722458333334 0.05223624687499999 0.07207389444444448
1 0.5274301738281251 0.6077769722222223 0.016372555468749984 0.03187883611111112
1 0.458821370703125 0.5994607541666667 0.014813264843749962 0.03465091111111115
1 0.44985544765625 0.5966886805555556 0.014033618749999999 0.03187883611111112
1 0.252215316796875 0.58906548125 0.024169010156249993 0.01940450972222223
1 0.2752148578125 0.5904515180555555 0.026507946874999976 0.016632438888888934
1 0.27482503476562503 0.5835213354166667 0.010135391406249994 0.008316218055555583