1 0.22034705937499996 0.4763029902777778 0.038388599999999995 0.055450199999999936
1 0.17476059687499998 0.45497599097222213 0.019194299999999997 0.021326998611111096
1 0.150167899609375 0.4656394923611111 0.03478966796875001 0.04265400138888893
1 0.10398161601562499 0.46457314166666663 0.06957933828124999 0.10876769999999994
1 0.060794442578124996 0.5008290409722223 0.05278432578125001 0.10450230138888886
1 0.030397219921875003 0.5349522416666667 0.060794439843750006 0.19407570000000002
3 0.017800961328125 0.41445469027777776 0.03560192265625 0.08530800000000001
0 0.52325710703125 0.4880328388888889 0.03478967031250004 0.14289089999999996
0 0.7541885296874999 0.5424166909722222 0.07437791249999996 0.3156396013888889
1 0.9676673687499999 0.5157579402777779 0.06466526249999997 0.19407569999999993
1 0.8075726769531251 0.5264214409722222 0.29631200703125 0.2239335013888889