1 0.33750005507812497 0.2597938576388889 0.011597939843750016 0.02061855972222221
1 0.352577378125 0.25773200208333336 0.013917526562500004 0.020618562499999982
1 0.37461346445312504 0.2556701458333333 0.006958764843749998 0.01649484999999997
1 0.364175318359375 0.26597942569444444 0.013917527343750003 0.028865984722222234
1 0.4181057390625 0.25979385694444446 0.012757734374999963 0.024742272222222222
1 0.441301619140625 0.25979385694444446 0.024355674218749977 0.024742272222222222
1 0.462177910546875 0.2639175701388889 0.01971649765625001 0.03298969861111109
1 0.583956282421875 0.24948457708333333 0.022036085156249996 0.028865984722222196
1 0.605992368359375 0.24639179305555553 0.026675263281249962 0.03505155277777775
1 0.619329998828125 0.24123715208333335 0.025515467968750018 0.024742270833333337
1 0.633827423828125 0.2525773604166667 0.024355674218750067 0.030927840277777778
1 0.654703716015625 0.24845364930555555 0.03131443828125002 0.03505155138888891
1 0.6732604203125 0.24742272291666667 0.019716498437500007 0.04123712083333331
1 0.692397021875 0.24639179305555553 0.04407217343749999 0.05154640000000003
1 0.723711459765625 0.24226808125000002 0.02319588046874994 0.03505155138888891
1 0.75212641328125 0.24536086527777776 0.061469082812500006 0.061855680555555556
1 0.8176547734374999 0.2247423048611111 0.03943299531250002 0.028865984722222196
1 0.790979511328125 0.24948457777777777 0.05567011328125 0.04536083055555555
1 0.858247564453125 0.2226804486111111 0.0394329960937501 0.02886598333333335
1 0.838879025 0.25360829027777776 0.06610825937500006 0.05360825555555553
1 0.9015079023437501 0.2505155069444444 0.09858248906249986 0.08865980833333333
1 0.9693558515625 0.25463921666666667 0.0579896999999999 0.10103094444444444
1 0.517268126953125 0.2536082888888889 0.018556705468750056 0.024742272222222222
1 0.49523204023437495 0.25567014513888886 0.025515467968750018 0.024742270833333337