1 0.37863437187500004 0.6673250854166667 0.04461863437500004 0.07627117361111115
1 0.449852580078125 0.6795284729166667 0.06692795390624999 0.10677964027777781
1 0.411240299609375 0.6558844090277778 0.01887711640624996 0.028983045833333342
1 0.050000960156249996 0.734443717361111 0.099533878125 0.17084742638888883
1 0.142670434765625 0.6940199951388889 0.10639828515624998 0.10220337083333335
1 0.21860791992187498 0.6757149124999999 0.04890888828124999 0.05338981666666669
1 0.264084606640625 0.6635115263888889 0.04032838203124998 0.03813558611111113
2 0.8222465769531251 0.5765623895833334 0.35351688203125003 0.535423626388889
1 0.6051597539062501 0.6741894902777777 0.09781777812499995 0.10830506388888889
1 0.5545347625 0.6772403381944444 0.03432202656249998 0.06864405694444436
1 0.525361038671875 0.6612233909722223 0.04461863359375 0.07016947638888887
1 0.5021936714843751 0.6680877965277777 0.013728811718749956 0.04423727916666667
1 0.49275511328125 0.6635115270833334 0.02059321562500003 0.04423728194444444