1 0.45567412109375 0.5507808722222223 0.02241209375000004 0.023437486111111145
1 0.48995144062499996 0.5484371236111111 0.01713865937500003 0.018749988888888916
1 0.5176369691406251 0.5542964930555556 0.014501942968750025 0.025781230555555527
1 0.5374123460937501 0.5800777263888889 0.03823239531249998 0.06796870277777774
1 0.48467800703124997 0.5753902291666667 0.07250971562500004 0.07265620000000005
1 0.42996613046875004 0.5707027326388888 0.05537105468750001 0.04921871527777778
1 0.319224019921875 0.5906245951388889 0.07382807421875 0.08437494027777777
1 0.20386765390625 0.5988277131944445 0.09360345156250001 0.09609368472222223
1 0.779331125 0.5695308583333334 0.06591792343750003 0.0796874444444445
1 0.85315919921875 0.5507808708333334 0.04218747031250007 0.08906243888888889
1 0.897324208203125 0.5414058770833333 0.04877926328125 0.0609374569444444
1 0.9698339242187501 0.5812496 0.056689414062500096 0.14062490277777778