1 0.406581888671875 0.7458479534722222 0.01582030703124997 0.020624993055555603
1 0.391816268359375 0.74397295625 0.013710932031250022 0.0356249875
1 0.34066394296875 0.7420979569444444 0.054843729687499995 0.0881249694444445
4 0.373886587109375 0.7795979416666666 0.02003905546875 0.08812496944444459
1 0.46300765039062497 0.7299104590277778 0.02109374296874993 0.03749998750000003
1 0.48726545429687496 0.7336604583333334 0.021093742968750016 0.03374998611111108
1 0.509413884375 0.732722957638889 0.02109374218750002 0.050624981944444473
1 0.55054668203125 0.7374104590277778 0.016874993749999945 0.02249999305555548
1 0.53367168828125 0.7467854534722222 0.02742186562500004 0.044999984722222226
1 0.44085922070312494 0.7514729513888889 0.05273435703125005 0.0881249694444445
1 0.594316198046875 0.756065938888889 0.09808590234375006 0.1464389722222222
0 0.107578086328125 0.6886604736111112 0.01054687109375001 0.0299999861111111
0 0.11390620976562502 0.70084796875 0.021093741406249998 0.0506249819444444
0 0.12708979843749998 0.735535457638889 0.017929681249999985 0.14249994861111104
0 0.156621038671875 0.7045979680555555 0.015820307031250015 0.06187497499999992
0 0.16874994140625002 0.7261604624999999 0.018984367187500007 0.1199999583333334
0 0.18457024765625 0.735535457638889 0.0316406140625 0.13499995138888893
0 0.217265548828125 0.726160461111111 0.016874994531249986 0.08999996666666661
0 0.24468741484374998 0.7486604527777778 0.018984368750000025 0.1537499444444444
0 0.15134760390625002 0.7477229534722222 0.03691405156250001 0.1518749458333334
0 0.19933586796874997 0.7505354527777778 0.04007810937499998 0.1649999416666666
0 0.23361319921875 0.7608479479166668 0.02214842968749999 0.14062495138888892
0 0.26156240820312504 0.7477229541666668 0.025312491406250005 0.16312494166666672
0 0.28371083828125 0.7589729486111111 0.01898436874999998 0.13687495277777775
0 0.30744129804687503 0.7580354493055554 0.026367177343749982 0.1349999541666666
1 0.064335915234375 0.7861604395833333 0.12867183046875 0.31124989305555556
0 0.6394417476562501 0.7467854555555555 0.008437495312500065 0.04124998611111105
0 0.648406587890625 0.7449104534722223 0.007382810156249952 0.04124998472222217
0 0.6605354898437501 0.7467854527777777 0.012656245312499958 0.03749998611111115
0 0.67055501796875 0.7477229527777777 0.00949218437499999 0.04687498333333322
0 0.695867508984375 0.7495979520833332 0.015820307031250015 0.061874979166666656
0 0.7148518765625 0.7420979569444446 0.01160155781249994 0.031874988888888824
0 0.72381671796875 0.7383479583333334 0.008437496874999973 0.024374991666666623
0 0.7380549937499999 0.7336604576388889 0.009492182812499994 0.018749993055555574
0 0.77496904296875 0.7411604548611113 0.01371093124999998 0.03374998749999997
0 0.791316693359375 0.7683479451388889 0.014765619531249996 0.08062497083333334
1 0.7422737421875001 0.7702229458333333 0.07910153437499998 0.0731249722222221
0 0.75545733203125 0.7664729458333333 0.0400781109375 0.1331249527777777
0 0.8045002828125 0.7702229458333335 0.01792968124999996 0.08812496666666665
0 0.81135574921875 0.7645979465277778 0.010546871875000008 0.07312497361111114
0 0.8271760578125 0.7767854423611112 0.021093743750000015 0.10499996249999997
0 0.84457839375 0.7758479444444444 0.03058592656249992 0.12562495555555558
0 0.885711192578125 0.7824104409722222 0.015820307031249925 0.11624995972222223
0 0.8725276031250001 0.7842854395833333 0.02742186562500013 0.11249995972222232
0 0.8983674382812499 0.7767854416666665 0.01792968125000005 0.11249995833333327
0 0.921043211328125 0.7655354472222222 0.021093742968750107 0.10499996111111108
0 0.9547931999999999 0.7814729416666667 0.01898436874999998 0.13687495000000005
0 0.9416096109375 0.7842854409722223 0.024257804687499985 0.14249994861111112
0 0.969558819140625 0.7777229437500001 0.010546871093750099 0.10312496249999993
0 0.98168772109375 0.7805354409722223 0.017929681249999874 0.11249995972222217
0 0.8594790554687499 0.7808303361111112 0.014544482812499916 0.08437501111111108