0 0.22751562656250002 0.7469499145833333 0.03860038281249998 0.2345655624999999
0 0.3310348359375 0.7014092597222222 0.014036503124999999 0.043669119444444404
0 0.31348920781249995 0.6895562118055556 0.012632853125 0.0698705902777777
0 0.2889253265625 0.7057761736111112 0.011229201562500003 0.05240294722222221
0 0.173124177734375 0.6916356993055555 0.01824745390625 0.13225504861111112
0 0.14891120937500002 0.671048829861111 0.03158213125 0.20586870972222218
0 0.13031284375000002 0.6585719381944444 0.014036504687499996 0.11104433472222218
0 0.1117144765625 0.6872687888888889 0.0231602296875 0.14348425277777774
0 0.08469420820312501 0.6972503020833334 0.03509125703125001 0.11603509027777782
1 0.36402061796874996 0.7045284819444444 0.0519350609375 0.08983361944444436
1 0.647082787890625 0.7223163250000001 0.03088030703125 0.03992605277777786
1 0.49993343398437495 0.8054743243055557 0.28634466171875006 0.3842882597222223
1 0.873070487109375 0.7753431145833332 0.25265705546875006 0.17093341527777772
0 0.81025713515625 0.7347641354166667 0.016141978125000022 0.05864139027777774
0 0.829557326953125 0.7254064666666666 0.00842190234375 0.037430675
0 0.840435616796875 0.716048798611111 0.00631642578124989 0.02869684999999996