0 0.70107922421875 0.7172963395833334 0.03159189531250002 0.12272735972222222
0 0.8151610648437501 0.7131360868055555 0.03276196406250005 0.13936835694444444
0 0.7835691703125001 0.7120960270833333 0.025741543749999974 0.1331279875
0 0.6022082953125001 0.6954550277777778 0.016380981249999937 0.09152548888888887
1 0.26113284062500003 0.6829742791666666 0.019891192187499972 0.05824349444444452
1 0.355323489453125 0.6912947784722222 0.01638098203124998 0.033281995833333314
1 0.3681942625 0.6954550277777778 0.011700701562500004 0.024961497222222167
1 0.377554821875 0.6902547152777777 0.016380981250000027 0.027041622222222294
1 0.38691538398437497 0.6954550298611112 0.014040842968750012 0.03328199583333339
1 0.39510587500000005 0.6975351520833333 0.014040842187500013 0.033281995833333314
1 0.40505147148437504 0.6975351520833333 0.01755105234375005 0.041602495833333426
1 0.418507278125 0.7016954020833334 0.028081684375000027 0.05408324305555554
1 0.120139386328125 0.7100159006944444 0.16614996484375003 0.21217272361111103
3 0.206724578125 0.6798540916666667 0.10062603437500002 0.17681060277777777
1 0.30208529648437504 0.7193764618055555 0.09477568359375002 0.1518491069444444
2 0.491051628515625 0.6798540916666667 0.13572813984375004 0.19761185000000006
1 0.053049271875000005 0.7568187083333332 0.10609854375000001 0.2683360888888889
0 0.985991309375 0.7308171479166666 0.02574154375000006 0.1705702291666666