1 0.25711129140625 0.6946655472222223 0.014350398437499967 0.010629925000000009
1 0.2487402265625 0.70210649375 0.011958665625000009 0.01700787916666668
1 0.235585694921875 0.7063584631944445 0.026309063281250024 0.02976378749999995
1 0.22362703046875 0.7127364159722223 0.019133864062500016 0.03401575972222217
1 0.20509110078125 0.7212403576388889 0.03228839531249998 0.046771668055555514
1 0.28162655546875 0.6957285388888889 0.015546264062500014 0.017007877777777795
1 0.289399687109375 0.7031694854166667 0.014350397656250014 0.02338583194444439
1 0.301358351953125 0.7052954701388889 0.01674213046874997 0.03188977083333329
1 0.328265347265625 0.7127364180555555 0.04424706015625 0.04677166666666663
1 0.3372343453125 0.7223033472222222 0.03109252812500003 0.05314962222222219
1 0.36234754140625 0.7308072868055556 0.052618125 0.07015750138888888
1 0.41436773437499996 0.7435631979166667 0.08490651874999999 0.11692916805555559
1 0.15247297578125002 0.7329332763888888 0.08490652031250001 0.1084252277777778
1 0.058198832031249995 0.7890947013888889 0.11480318125 0.17220477222222214
1 0.53176195625 0.7710238298611111 0.1961221015625 0.24236227083333334
1 0.269269264453125 0.6934253833333334 0.01315453046874997 0.019133863888888904