1 0.023023561328125 0.5182977472222222 0.044462666406250004 0.05616336666666671
0 0.01951335078125 0.5408324354166667 0.025741543749999995 0.07488449305555554
1 0.12423463125 0.5262715576388889 0.038612315625000004 0.06240374027777781
3 0.25235731484375 0.5408324340277777 0.229333753125 0.2787367152777778
1 0.38984056015624996 0.4961097513888889 0.04329259531249998 0.060323619444444414
1 0.4530243484375 0.49194950069444443 0.03393203437499999 0.0520031180555555
1 0.350643208984375 0.4805088166666667 0.025741542968749975 0.045762744444444475
1 0.37111943632812505 0.4794687520833334 0.01989119296874997 0.03536212083333328
1 0.414412033203125 0.4659479423611111 0.019891192968750016 0.02496149583333336
1 0.4132419621093749 0.4784286902777778 0.019891192968750016 0.037442244444444446
1 0.43488826132812497 0.46386781875 0.009360561718750039 0.020801248611111114
1 0.44658896289062505 0.4576274444444444 0.014040841406249971 0.016641000000000065
1 0.447173997265625 0.38066282847222227 0.008190489843750015 0.024961498611111133
1 0.44600392773437497 0.4285056979166667 0.008190492968750008 0.01664100138888887
1 0.308520683203125 0.38586314097222224 0.009360563281250034 0.01456087361111113
1 0.6028786542968749 0.4675080368055556 0.07722463046875001 0.052003118055555575
1 0.686392412890625 0.44748683125 0.06172120390624993 0.04108246250000004
1 0.743140815625 0.4454067118055556 0.06289127187499996 0.024441470833333295
1 0.8006205109375 0.4352661048611111 0.0351021031250001 0.024961498611111053
1 0.49815737304687496 0.4591875361111111 0.02223133359375007 0.01872112222222218