1 0.44201280781249996 0.5353096340277778 0.02753020937499997 0.03058911805555561
1 0.41792387499999994 0.5495845604166667 0.011470921874999984 0.03058911805555553
1 0.39957040078125 0.5526434736111111 0.032118578124999964 0.03670694444444441
1 0.35540735742187496 0.5546827430555555 0.05850169453125002 0.05709969444444446
1 0.319847502734375 0.5638594840277779 0.03785403828125 0.0591389652777778
1 0.273390271875 0.5852718708333333 0.08029644375 0.08972809166666665
1 0.5137060621093751 0.5383685458333334 0.014912197656250025 0.024471300000000046
1 0.52919180546875 0.5404078194444444 0.013765106249999982 0.03670694722222226
1 0.540089180078125 0.5465256444444445 0.02179474609375003 0.04078549722222225
1 0.5544278296874999 0.5485649180555555 0.02064765624999998 0.04486404444444447
1 0.5699135730468751 0.5506041930555555 0.026383116406249928 0.04894259444444447
1 0.58884059296875 0.5577416590277778 0.032118578124999964 0.06729606805555556
1 0.611782434375 0.5608005666666666 0.041295314062500046 0.07749244166666666
1 0.6330036386718749 0.5730362194444445 0.060795878906249975 0.09788518888888886
1 0.485786312890625 0.5179510618055555 0.01755105234375005 0.020801248611111114