1 0.42519123984375007 0.586499525 0.021973476562499972 0.034034352777777756
1 0.3631387453125 0.5976081534722222 0.022948406250000008 0.0309495708333333
1 0.391626421484375 0.5954979520833333 0.008704564843749995 0.00984759027777776
1 0.405078936328125 0.5884639611111111 0.008704567968749988 0.009847594444444496
1 0.33385974570312504 0.5884639659722222 0.03244429765625001 0.035169979166666664
1 0.295876176171875 0.5870571625 0.029279002343750006 0.04079716666666668
1 0.25749694453125 0.5905741624999999 0.039566217187500016 0.039390372222222206
1 0.23344068320312497 0.5887453180555555 0.04906211171875001 0.043610766666666634
1 0.56856654453125 0.6140676958333333 0.07042786562500006 0.10832351388888889
1 0.648490305078125 0.6281356840277778 0.10366348984375007 0.1364594902777778
1 0.7948853109375 0.6844076388888889 0.25084982187500005 0.2518169916666667
1 0.9428815101562499 0.7625619104166665 0.10841143437500005 0.31652974027777775
1 0.519447915625 0.5778928777777778 0.039566218750000014 0.052051558333333345
1 0.44393296015625 0.591056488888889 0.02373972812499998 0.03657676666666671