1 0.490752771875 0.5520920784722222 0.01721939687499994 0.029081640277777786
1 0.460618828125 0.5580614861111111 0.012053575000000016 0.015306130555555578
1 0.44770428359375 0.5572961770833333 0.013775517187499985 0.019897968055555517
1 0.43435925273437503 0.5588267909722222 0.01808036796875001 0.022959195833333328
1 0.5152904070312501 0.5563778027777778 0.036160726562500044 0.04744900277777775
1 0.291438268359375 0.5823982208333334 0.019802305468749993 0.027551033333333346
1 0.270774994921875 0.5747451541666666 0.03357782109374998 0.03979593611111112
1 0.21567292773437502 0.5808676083333334 0.055963035156249986 0.06428574444444443
1 0.105899282421875 0.6099492541666667 0.07748728046875 0.052040838888888885
1 0.34094402929687495 0.5739798493055556 0.03788266953124997 0.032142870833333365
1 0.366287014453125 0.5677945048611112 0.02084560234374999 0.02382354583333337
1 0.40723373359375004 0.5664709743055556 0.034246346874999965 0.021176484722222236