1 0.393933795703125 0.4830517111111111 0.021668624218749953 0.032966308333333354
1 0.449420176953125 0.4645067013888889 0.024355674218749977 0.049484544444444445
1 0.416945945703125 0.4871871173611111 0.03131443828124993 0.05360825694444442
1 0.30202122304687495 0.4944036131944444 0.06399889921875004 0.08453609583333335
1 0.023882792187499998 0.5877203701388889 0.047765584374999996 0.15982938472222222
1 0.47319595468750003 0.4652430729166667 0.01855670468749997 0.02680412638888888
2 0.5423135625000001 0.4691748680555555 0.035733882812499916 0.0813853277777778
1 0.5004511132812499 0.4944036131944444 0.04291237812499995 0.06804124861111108
0 0.676491283203125 0.4933726840277778 0.011597941406250012 0.04948454305555556
0 0.6898289140625 0.5057438208333332 0.012757734374999963 0.08659795
0 0.61245409296875 0.5016201097222222 0.012757734374999963 0.05360825555555553