0 0.113565114453125 0.4904366590277778 0.05946327890625001 0.3015405625
0 0.04236874140625 0.4805149444444444 0.0659179234375 0.2539692611111111
0 0.30414004765625 0.476572725 0.019496156249999962 0.10744548888888895
0 0.869041195703125 0.49216964930555557 0.02047096484375004 0.07625163750000002
0 0.412343719921875 0.48523768263888895 0.02144577265625003 0.12130942083333333
0 0.851007249609375 0.48697067361111107 0.01754654140625007 0.07971761944444443
0 0.8251748414062501 0.48870366736111115 0.02242057968749993 0.07971761805555554
0 0.80811570390625 0.48697067638888886 0.019496156250000053 0.07625163611111113
0 0.3767632328125 0.45664331874999997 0.016571732812499997 0.07451864305555553
0 0.508362291796875 0.4575098159722223 0.014622117968749926 0.06238770138888891
1 0.693116046875 0.49910161666666664 0.11497198906250006 0.11784343611111107
1 0.61123218828125 0.47319340694444445 0.04879572812499999 0.07642496944444446
1 0.535218391796875 0.4570925472222222 0.023297619531249935 0.04768923055555558
1 0.5795232640625001 0.4687742625 0.024370196874999993 0.03639282777777776
1 0.56148931875 0.46184229375 0.019496156249999962 0.02946085972222221
3 0.564901146875 0.4315149381944445 0.034118275000000066 0.04505778472222228
1 0.48863308320312504 0.4680465465277778 0.03295896171874997 0.03515622638888895