0 0.60519861015625 0.49690328819444446 0.02236829687499995 0.08972809027777776
0 0.743165119140625 0.5059440902777778 0.01835347265624998 0.11216011388888884
0 0.6668834960937501 0.49421826111111106 0.02179475000000002 0.09074773055555557
0 0.6264485007812499 0.49013971111111104 0.018927018750000003 0.08666918055555557
0 0.579130952734375 0.4921789854166666 0.011470921093749985 0.05200150694444443
0 0.56421875546875 0.49319862291666666 0.009176735937499991 0.045883681944444435
0 0.55504201953125 0.48096297430555557 0.005735460937499948 0.06831570694444448
0 0.51173929296875 0.47484515 0.008603190624999969 0.023451661111111043
0 0.5186218468750001 0.4921789840277778 0.012044468750000004 0.04996222916666666
0 0.5275118097656251 0.4916691673611111 0.013765105468749983 0.07137461805555555
1 0.42299020273437493 0.4857722472222223 0.00917673671874999 0.03279834166666665
1 0.327590390234375 0.4802492152777778 0.029250847656250033 0.03466766944444441
1 0.385422937890625 0.47005284166666667 0.006309005468749973 0.011216011111111139
1 0.380547796875 0.4715822979166666 0.005735462500000033 0.012235648611111177
1 0.369076875 0.46903320416666666 0.006882551562499994 0.00917673611111114
1 0.363914961328125 0.4720921166666666 0.00917673671874999 0.013255286111111136
1 0.37452556171875 0.47668048541666663 0.008603190624999969 0.01223565138888887
1 0.39201871679687506 0.4731117541666667 0.008029644531249991 0.013255286111111136
1 0.42958598203125 0.4868768597222222 0.009750281250000015 0.03874622222222225
1 0.315545923046875 0.47464120833333334 0.008603189843750015 0.01937311111111105
3 0.46170455976562497 0.46648411041666665 0.05792814765624996 0.10094410416666667
1 0.489521543359375 0.4980928701388889 0.05276623515625003 0.08666917916666661
3 0.8828904812499999 0.4778700673611111 0.06653133906250001 0.05302114583333335
1 0.8894862609375 0.51712610625 0.15657806874999985 0.1192975736111111
1 0.873250727734375 0.6571881680555556 0.2529338039062501 0.5190591638888888