1 0.5839562820312499 0.4876289465277777 0.040592790625000055 0.04123712083333331
1 0.6199098960937499 0.48350523402777773 0.059149492187499944 0.04123712083333331
1 0.6570233046875 0.4886598743055555 0.06842784687499996 0.05567011250000004
1 0.340979438671875 0.4714286472222222 0.02783505546875 0.02268041388888891
1 0.390850579296875 0.46627400625 0.020876291406250046 0.02061855972222225
1 0.26617272382812496 0.47349050416666666 0.08234537421875002 0.08453609722222223
1 0.7773418710937501 0.5065980208333334 0.055429274999999924 0.08865980833333341
1 0.015157056640625 0.5220619430555555 0.03031411328125 0.12783507500000005
1 0.41884510312500006 0.46948461111111106 0.011597940624999924 0.01855670555555559
1 0.45377305234375004 0.4731067409722223 0.016571732812499997 0.017329918055555598
1 0.43525170312500006 0.47137374930555553 0.010722885937499971 0.017329918055555518