1 0.819640786328125 0.3616074215277778 0.2745224773437499 0.22095341527777781
1 0.5621906019531251 0.3276145875 0.07921544140625007 0.0898382027777778
1 0.36086482578125 0.3433749152777778 0.06666881718750002 0.10193438333333332
1 0.414003094140625 0.3494671229166667 0.03414458671874998 0.04613313194444449
1 0.5014132371093749 0.33611279583333337 0.053265555468750045 0.06312954722222221
1 0.46317129999999995 0.3385408555555556 0.028681453124999923 0.053417308333333344
1 0.433124064453125 0.3518951833333333 0.015023617968750003 0.04613313055555557
0 0.238499918359375 0.3239724986111111 0.01912096796874998 0.053417308333333344
0 0.291082583203125 0.32275846875 0.015023617968750003 0.046133131944444454
0 0.114896513671875 0.3518951833333333 0.03141301953125001 0.12383103611111114
0 0.13948061640625 0.33975488541666665 0.034144585937499985 0.12383103472222226