1 0.500388288671875 0.5385790874999999 0.023980269531250008 0.03978948333333337
1 0.573927781640625 0.5499475131944445 0.035171061718749994 0.05684212083333327
1 0.534360337890625 0.5456843527777778 0.04556251171875001 0.07105264999999995
1 0.45322709179687504 0.5705527791666667 0.09911844609374994 0.14068424722222217
1 0.654661354296875 0.5932896277777778 0.17105925546875006 0.1861579444444444
1 0.743738134765625 0.5265001381944445 0.03427194453125004 0.03268422083333336
1 0.7733636890625 0.5257896097222223 0.031174353125000033 0.05115790833333331
1 0.81532916015625 0.5279211902777777 0.039967115624999924 0.04973685555555558
1 0.878077532421875 0.5300527701388889 0.06154935859375001 0.05400001527777773
1 0.951617024609375 0.5328948763888889 0.05195725078124998 0.07105264999999995
1 0.9505775605468749 0.6131843694444444 0.09783885859375001 0.18615794444444447