0 0.688183597265625 0.6305921083333332 0.01698601953124994 0.05861842222222222
0 0.664203334765625 0.6332565819444445 0.012989310156249979 0.056842105555555536
0 0.32198499375 0.6057236874999999 0.009991776562499988 0.030197369444444414
1 0.46741528671875 0.6172697402777778 0.017985198437500037 0.02309210555555552
1 0.34511594960937503 0.5990625041666667 0.03676972421875 0.04884868611111107
1 0.40696503906250003 0.6430263194444444 0.11090871718750002 0.17052631666666668
1 0.556342095703125 0.6599013194444444 0.10391447421875002 0.1225657888888888
0 0.519872112109375 0.6128289506944444 0.014987664843750003 0.03552631527777782
1 0.761173512109375 0.6492434236111111 0.11790296171874992 0.15809210555555558
1 0.1456800875 0.6403618451388888 0.289761515625 0.3499342125
1 0.85059991015625 0.7638157930555555 0.29675575781249997 0.4689473694444444
0 0.629282063671875 0.6279276347222222 0.023980263281249935 0.09414473611111107
1 0.490396371484375 0.6217105291666667 0.019983552343750065 0.028421052777777806