1 0.5015822609375 0.43370600833333334 0.01638098437500002 0.022881372222222276
1 0.4898815597656251 0.44098644444444446 0.016380982031250026 0.02080125
1 0.465310084765625 0.4285056958333333 0.018721122656249988 0.016640997222222214
1 0.44366378906250004 0.4274656333333334 0.012870771874999942 0.014560872222222245
1 0.430207980078125 0.4357861333333334 0.02106126328125004 0.0228813722222222
1 0.25177228164062504 0.4399463833333333 0.05499329921874998 0.05616336944444448
1 0.19443884140624998 0.45242713125000006 0.06201371874999999 0.052003118055555575
1 0.085622315625 0.42954575902777775 0.14157848906249998 0.06448387083333332
1 0.34069761328125 0.45242713263888895 0.012870771874999987 0.031201870833333346
1 0.41616713789062504 0.4326659458333334 0.014040841406249971 0.024961497222222247
1 0.44892910390625007 0.4493069451388889 0.023401401562499924 0.0291217458333333
5 0.416752173046875 0.5491529319444445 0.03861231484375001 0.10816648611111108
1 0.30150026132812496 0.46698800416666664 0.07020421015624997 0.08528511388888889
1 0.371704471484375 0.4721883159722223 0.06552392890625 0.0956857375
1 0.46882029492187505 0.4753085027777778 0.044462664843749965 0.06864411666666667
1 0.925147662109375 0.5668339909722222 0.14742884140625012 0.28913733750000004
1 0.0109267453125 0.5356321201388888 0.021853490625 0.15184910416666672
5 0.52732380390625 0.45138706874999995 0.011700701562499916 0.0166409986111111
1 0.5150380679687501 0.44202650833333335 0.010530631249999978 0.014560872222222167