0 0.109605023046875 0.6989057631944444 0.01845701796874999 0.056249962500000014
0 0.1432231640625 0.6813276486111112 0.009228509375000016 0.035156224999999985
0 0.137290551171875 0.6871870208333334 0.010546867968749995 0.042187469444444445
1 0.302744538671875 0.6578901666666667 0.03559567890624997 0.05859371111111113
1 0.284946699609375 0.6742964041666667 0.03691403671875002 0.06796870277777782
1 0.220347134765625 0.6660932854166666 0.03955075390624998 0.046874968055555556
1 0.43392120664062495 0.6274214375 0.007910150781250014 0.021093733333333295
1 0.44183135703125 0.6262495638888889 0.007910150000000015 0.018749986111111068
1 0.4497415078125 0.6262495618055556 0.013183584375000024 0.02343748194444441
1 0.45897001757812494 0.6274214368055556 0.015820302343750026 0.02578123194444441
1 0.47215360273437507 0.6274214368055556 0.010546867968750017 0.03046872916666664
1 0.48006375312500005 0.628593311111111 0.015820301562499937 0.028124980555555526
0 0.3897561984375 0.6449995493055556 0.014501943749999979 0.051562465277777705
1 0.49654323398437494 0.6297651868055556 0.025048810156250045 0.02578123194444441
0 0.5136818937500001 0.63562455625 0.01186522656250002 0.046874968055555556
0 0.656064608203125 0.59929645625 0.01713866015625003 0.058593709722222165
0 0.615195495703125 0.6274214368055556 0.014501942968750025 0.0679687041666667
1 0.17354540937500001 0.6977338881944445 0.048779264062499994 0.053906212500000016
1 0.24078168984374998 0.6977338881944445 0.0751464328125 0.08671869027777777
4 0.93160152890625 0.6684370333333334 0.06723628281249994 0.12187491666666664
1 0.027776162890625 0.7504682270833333 0.05555232578125 0.10312492916666662
1 0.331748426171875 0.6473432986111111 0.014501942968749982 0.023437483333333377
1 0.41810090429687496 0.6285933118055556 0.018457017968749944 0.02343748194444441
1 0.400303065625 0.6274214368055556 0.014501943750000024 0.03046872916666664
0 0.5956075937499999 0.627343004861111 0.01169769374999996 0.0415918013888889