0 0.435042183984375 0.5658493694444444 0.006237163281249991 0.018018474999999985
0 0.4280253734375 0.5665423895833333 0.009355746874999937 0.02217658472222226
0 0.36682320234375 0.5637703166666667 0.0070168093749999995 0.011088291666666647
0 0.360586038671875 0.5665423895833334 0.005457517968749981 0.011088293055555533
0 0.35356922968750004 0.5700074805555556 0.0054575187499999785 0.015246402777777807
0 0.31965465039062496 0.5651563520833334 0.0062371648437500316 0.011088290277777762
0 0.313027663671875 0.566542388888889 0.0070168085937499566 0.013860363888888906
0 0.30562103125 0.5727795541666667 0.009355746874999982 0.029106766666666634
0 0.29821439921875 0.5679284256944445 0.005457517187500027 0.01940450972222223
0 0.2919772359375 0.5603052243055556 0.0070168093749999995 0.01247432638888889
0 0.28651971718749997 0.5630772958333333 0.005457517187499983 0.012474327777777777
0 0.28184184453125 0.5603052243055556 0.0038982281250000026 0.01247432638888889
0 0.27521485781250005 0.5582261701388889 0.0031185812499999964 0.011088290277777762
0 0.270926806640625 0.5609982430555556 0.003898227343750005 0.013860363888888828
0 0.278333440234375 0.5727795527777778 0.007796453906250012 0.03465091111111115
0 0.272096276171875 0.5776306791666667 0.004677874218749966 0.022176583333333295
0 0.290417944921875 0.5769376625 0.010135391406249994 0.023562619444444426
0 0.26546928867187497 0.5693144625 0.007016808593750002 0.0360369472222222
0 0.25299496171875 0.5603052270833333 0.007016809375000044 0.02910676527777775
0 0.24597815234375 0.5630772979166667 0.005457518750000024 0.020790545833333358
0 0.23974098710937497 0.5568401347222222 0.007016808593750002 0.024948655555555553
0 0.23233435585937498 0.5575331520833333 0.006237163281249991 0.02079054583333328
0 0.202707827734375 0.54436580625 0.006237163281250013 0.01940450972222223
0 0.32745110625 0.5693144618055556 0.007796454687499965 0.033264873611111134
0 0.34070507851562504 0.5810957722222222 0.007796453906250012 0.023562619444444426
0 0.34850153281249996 0.5741655902777778 0.007796454687499965 0.026334694444444376
0 0.883923073828125 0.5419402423611112 0.015592910156249928 0.02910676527777775
0 0.943955776953125 0.5876794444444444 0.026507947656250152 0.10949687777777774
0 0.9626672687500001 0.5994607548611111 0.010915035937499873 0.07484596805555555
0 0.9747517730468751 0.6216373375 0.022609717968749977 0.1358315694444445
1 0.13897180859375 0.6382697743055555 0.212063575 0.27997935972222227
0 0.061007260546875 0.5717400243055555 0.012474328906249998 0.06375767638888882
1 0.45823663671875003 0.5973817 0.046778729687499965 0.056827494444444446
1 0.3837804921875 0.6528231576388889 0.08809994062499996 0.1510779736111111
1 0.8987363386718752 0.693018213888889 0.13721760703125002 0.28968161388888897
1 0.21420759882812498 0.7858826534722223 0.37033160859375 0.4116528180555556
1 0.6749780828125 0.71935290625 0.48727843125000003 0.5502564597222223