1 0.024432282421875 0.48285571250000003 0.04886456484375 0.12619485833333333
1 0.37661691015625004 0.4930154569444445 0.026669356249999998 0.052402944444444446
1 0.34257838984375 0.5117307951388889 0.03438943124999998 0.0474121875
1 0.313452646484375 0.5224252777777778 0.03649490703125 0.04883812500000002
1 0.42118280781250006 0.5526371791666667 0.10316829843750001 0.16095190000000004
1 0.165718452734375 0.6437185041666666 0.33055964609375 0.37804981388888886
0 0.49592718593749996 0.5133349881944445 0.007018251562499955 0.03743067361111111
0 0.524702016015625 0.5139588347222223 0.011229200781250004 0.041173741666666624
0 0.625564333984375 0.5432795291666667 0.01684380390625 0.11229202222222222
0 0.894012453125 0.5881963388888889 0.04421498437500002 0.21709791388888888
0 0.7789131296875 0.5576279534722223 0.03017848125000002 0.16095190138888893
0 0.478181051953125 0.5073638972222222 0.007018250781250046 0.03368760833333337
0 0.483444740234375 0.5117308104166666 0.006316427343749975 0.03743067638888888
0 0.48800660546875 0.5104831208333334 0.007018251562499955 0.03992605555555555
0 0.49993763203124997 0.5142261868055555 0.007018251562499955 0.03743067361111111
0 0.508008621875 0.51048311875 0.007720076562499933 0.04242142916666667
0 0.518886910546875 0.5129784965277778 0.00842190234375 0.04242142916666667
0 0.532572501953125 0.5129784979166667 0.009123727343749976 0.0474121875
0 0.540292578515625 0.5154738763888889 0.006316425781250068 0.039926052777777776
0 0.5445035292968751 0.5129784972222222 0.004912777343750019 0.052402944444444446
0 0.5501181300781249 0.5160977194444445 0.009123727343750065 0.048659874999999964
0 0.5560836437500001 0.5142261868055555 0.0084219015625 0.054898323611111105
0 0.562750982421875 0.5223361666666667 0.010527375781249937 0.06612752499999996
0 0.65784829140625 0.5173454097222222 0.014036503124999999 0.0786044166666667
0 0.7448746093749999 0.5318720694444445 0.012632851562500047 0.08733824166666666
0 0.735399969140625 0.5287528493055557 0.014738327343750069 0.08609055138888892
0 0.9200225894531251 0.573687473611111 0.018949278906250023 0.12975967222222223
0 0.8761585179687501 0.5724397833333333 0.029476656249999955 0.15720883333333333
0 0.8052741777343749 0.55684366875 0.01965110390624991 0.15097038750000003
0 0.820714330859375 0.5456144666666667 0.032283957031249956 0.14847501111111114
0 0.759655543359375 0.5431190881944444 0.018247453906249954 0.11353971249999996