1 0.621249042578125 0.5124165805555555 0.02648980859374994 0.04036541944444447
1 0.55817807421875 0.5090527979166667 0.0214441296875 0.024667756944444442
1 0.548086718359375 0.5281142479166666 0.02396696796875002 0.0583056069444445
1 0.5890828492187501 0.5337205555555555 0.06307096875000004 0.09194345833333337
1 0.68368930234375 0.5135378437499999 0.06559380781249997 0.06951822361111108
1 0.7902792398437499 0.5000827041666666 0.07316232343750002 0.0784883166666667
1 0.42888258828125 0.5348418145833334 0.041626839062500046 0.08073083749999997
1 0.37842581445312495 0.5460544333333333 0.09712929140625 0.13455140277777775
1 0.25196852187499996 0.5639946194444444 0.19236645468749997 0.24667756666666665
1 0.1084820671875 0.6548168145833333 0.216964134375 0.4776574708333334
1 0.49258426835937497 0.5673584048611111 0.12109626015624997 0.17715934583333334
1 0.741083884375 0.5785710208333333 0.1854286484374999 0.19958457777777777