1 0.29762966640625 0.4975870763888889 0.10369284999999998 0.13167345833333333
1 0.5354215402343749 0.4851127493055556 0.04911766640624995 0.07345992916666673
1 0.47110078710937503 0.4781825652777778 0.035863692968750006 0.04019505277777774
1 0.44576230859375005 0.4761035125 0.013253973437500033 0.03880901944444446
1 0.42354241249999997 0.47471747569444445 0.03898227343749996 0.0415810930555556
1 0.387288896875 0.4747174763888889 0.04132121093749994 0.0360369472222222
1 0.669983478515625 0.6733827020833333 0.37267054296874996 0.5059032958333334
0 0.4917045421875 0.47795156111111115 0.00779645468750001 0.04573920277777772
0 0.396587792578125 0.47517948819444444 0.014033619531249953 0.05405541805555553
0 0.94285939921875 0.56388581875 0.054575184375000065 0.22037979305555555
0 0.981062029296875 0.5631928034722222 0.034304402343749985 0.24117033749999994