0 0.756456583203125 0.532806757638889 0.017258532031249985 0.09204549305555558
0 0.7381828457031251 0.5075393659722222 0.011167283593750011 0.045120337500000024
0 0.7128026546875 0.5138562131944444 0.013197700000000001 0.0685829180555555
0 0.68437683984375 0.5120514013888889 0.011167282812500012 0.05414440833333332
0 0.6595042527343751 0.5048321465277777 0.010152075781250058 0.04692515416666668
1 0.8190102125 0.5407431347222222 0.10784872812500002 0.1213254083333333
1 0.501131859765625 0.4861394409722222 0.02436498359375001 0.037901084722222186
1 0.550877035546875 0.5339670020833334 0.12182491796874997 0.14077545972222216
1 0.465561809765625 0.4914249618055556 0.03955075390624998 0.05620705972222224
1 0.42245326757812496 0.47440815277777776 0.019288944531249984 0.03609627222222227
1 0.389459019921875 0.48974906805555557 0.03248664609374998 0.06316847777777782
1 0.34732790234375 0.5068947986111111 0.05989725156249999 0.08663105277777775
1 0.290983876171875 0.48704184861111105 0.03451706015624998 0.04692515277777771
1 0.94475313203125 0.5829547923611111 0.109487715625 0.15160434305555562
0 0.092466362890625 0.48656216597222224 0.023730452343749996 0.10781242638888884
0 0.19266160664062498 0.4795309215277778 0.01318358515625 0.07499994861111109