1 0.34424441054687505 0.5308675993055556 0.009470667968750002 0.016836743055555478
1 0.39030629375000003 0.52704106875 0.013775517187499985 0.027551031944444464
1 0.4290499328125 0.5308676 0.025829093749999997 0.03826532222222217
1 0.44885223828125 0.5538267944444445 0.05510206562500004 0.0658163555555556
1 0.49319218085937494 0.5798472145833333 0.07490437109375003 0.13010210138888892
1 0.5056762425781249 0.5882655854166666 0.07920921796874998 0.11326535694444446
1 0.36878204765625 0.5415818909722222 0.04304848750000003 0.06887758194444445
1 0.32780348203125 0.5366329013888889 0.024107153125000023 0.03673471111111116
1 0.257634445703125 0.5641839354166667 0.055963035156249986 0.07653064861111109
1 0.15130467851562499 0.6001533402777778 0.11020413046875 0.13316332499999997
3 0.7099879671875 0.46913286319444447 0.37796572968750003 0.6382655930555556
1 0.8655795144531251 0.7589289055555556 0.26173481015624994 0.44234713611111104