1 0.05355524570312501 0.6616598895833333 0.10637251953125 0.14474777361111107
1 0.164230900390625 0.6690178805555556 0.16646183203125 0.1727436027777778
1 0.366730862890625 0.6249659784722222 0.05663134609374998 0.08389829027777786
1 0.3216832015625 0.6005592027777777 0.03174787499999998 0.05644066944444448
1 0.289935326171875 0.6074236090277777 0.031747874218749986 0.03966100972222222
1 0.23768915703125 0.5854594694444445 0.02496812343750001 0.026020419444444404
1 0.36329866015625 0.5753897291666666 0.012012709374999986 0.01830508333333335
1 0.3482827734375 0.5753897291666666 0.014586860937499991 0.01830508333333335
1 0.332837860546875 0.5715761694444444 0.012870760156250017 0.0167796583333333
1 0.3199671 0.5677626104166666 0.00943855625000003 0.012203387499999963
1 0.30795439062499996 0.5616609152777777 0.007722456250000009 0.012203386111111157
1 0.28402824648437497 0.5723388819444444 0.031549325781250026 0.024406775000000006
1 0.258616476171875 0.5532710881944445 0.02230931796875 0.019830504166666665
1 0.26136582578125 0.5793370180555556 0.020663275000000026 0.022959194444444442