0 0.8235184953125 0.44794500069444454 0.017937998437500012 0.0786614375
0 0.964630738671875 0.46707886319444447 0.03946359296874995 0.15519689305555553
1 0.27465066445312497 0.4411418548611111 0.12676184609375 0.1509449236111111
1 0.410979441015625 0.47196863333333333 0.09566931640625001 0.14456696944444442
1 0.47196863203124995 0.4273229520833333 0.03348426249999994 0.051023637500000045
1 0.497081828515625 0.4156300347222222 0.016742130468750015 0.03188977222222225
1 0.511432225390625 0.42944893819444446 0.031092530468750025 0.046771665277777826
1 0.558668951171875 0.4517717798611111 0.10643211484375001 0.1807087125
0 0.13054875390625 0.40606310416666674 0.017937998437500012 0.07653545277777778
0 0.16522888164062502 0.4088977395833333 0.013154532031249989 0.059527576388888864
0 0.717121258984375 0.45460641249999995 0.016742132031250013 0.07015749999999998
0 0.648921989453125 0.44794499930555554 0.01315453203125001 0.06165355972222228