2 0.19314264414062499 0.7059237027777778 0.07677719921875 0.04691940000000009
2 0.461862846875 0.6835303527777777 0.05518361406249994 0.12582929999999995
1 0.217735341015625 0.7400469027777777 0.03958824609375 0.025592400000000105
1 0.16435119453125 0.7411132534722223 0.04798575000000001 0.04052130138888891
1 0.15775315390625 0.7592412034722223 0.025192518749999993 0.03412320138888892
1 0.265121270703125 0.7466582847222223 0.05278432578125001 0.11729849999999994
1 0.4150767390625 0.7082696847222222 0.011996437500000035 0.01919429999999996
1 0.405479589453125 0.7253312840277778 0.03119073828125001 0.08317530138888896
1 0.43307139609374995 0.7136014347222223 0.011996437499999946 0.034123200000000034
2 0.42647335546875 0.6997388847222222 0.015595368750000027 0.0362558999999999
1 0.47505892773437497 0.7189331854166666 0.031190738281250054 0.09170610416666657
1 0.33769971835937496 0.7919426222222221 0.16435119453124997 0.23459700277777773
1 0.08697417265625 0.8047388256944445 0.1739483453125 0.3881514041666667
1 0.532641826953125 0.7300943243055557 0.11516579921875003 0.16208519861111112
1 0.799112678125 0.7772168173611111 0.39948137187500005 0.4387268541666666
2 0.9028818628906251 0.5461235416666667 0.19194300078124993 0.0874407027777778