1 0.39820900390624997 0.35786279236111107 0.09065712968749998 0.11611044583333331
1 0.47556814531249997 0.3406566284722222 0.04901655781249996 0.05743623472222221
1 0.55174124140625 0.34746484236111114 0.08383347499999996 0.11957642916666664
3 0.728181461328125 0.28767662499999996 0.13842271328125005 0.10397950277777777
3 0.8047038765625001 0.2902761125 0.012672501562499949 0.060654711111111106
1 0.593170575 0.32233646041666664 0.012672501562500039 0.020795898611111082
1 0.511774119140625 0.33100141805555555 0.013647310156250026 0.024261883333333303
1 0.136473098046875 0.40205408125000003 0.025345005468750004 0.020795898611111124
1 0.111615497265625 0.3647947583333333 0.018521349218749993 0.015596924999999985
1 0.048251370703125 0.37021676597222225 0.03022227734375 0.02644094027777781
1 0.09601857265625 0.4121064034722222 0.03021904218749999 0.027036612500000008
1 0.16474252578124998 0.3959886097222223 0.021445773437500003 0.01906290833333336
1 0.210558494921875 0.3847241618055556 0.013647310156249981 0.017329918055555518
1 0.009260674609375 0.42718246111111113 0.01852134921875 0.022528891666666735