4 0.44101318124999994 0.7506617166666667 0.04977174531249995 0.04297750555555556
0 0.3834201625 0.7595100263888889 0.03981739375000002 0.2325841472222222
0 0.34360276796875 0.7620381159722223 0.034129196874999976 0.2426965041666667
0 0.313739721484375 0.7683583368055555 0.031285096093749985 0.2401684152777778
0 0.2156182828125 0.7670942930555557 0.051193793749999994 0.27808974444444445
0 0.258279778125 0.7506617173611111 0.03981739531250002 0.3109548958333334
0 0.285298725 0.7380212743055554 0.025596896874999997 0.27050548194444446
0 0.4630549527343749 0.6975718576388888 0.011376399218749977 0.048033684722222206
0 0.4758534015625 0.7253808333333335 0.01137639843749998 0.10365163611111114
0 0.1480709171875 0.7165325215277778 0.024174846875 0.1213482513888889
0 0.12318504453124998 0.7140044319444445 0.019908696874999986 0.12640442777777777
0 0.09118892265625 0.7140044333333334 0.029863045312500003 0.12134825277777771
0 0.057059727734374996 0.7102122993055556 0.029863046093750005 0.15421340138888892
0 0.167268589453125 0.6861954583333334 0.017064597656249993 0.08595501111111119
0 0.41257218476562496 0.7076842118055556 0.01848664765625001 0.10870780972222226
0 0.9572172683593749 0.7531898055555555 0.02417484765625009 0.12387634166666675
1 0.5490889679687501 0.7468695854166667 0.14362703124999995 0.2730335680555555
3 0.7809127296875 0.6078247125 0.31148819375 0.5561794888888889