1 0.42738409140625 0.4597938902777778 0.011597940625000015 0.01649484722222228
1 0.4181057390625 0.4670103875 0.006958764062500044 0.018556702777777743
1 0.410567078125 0.4690722423611111 0.012757734375000052 0.03092784027777782
1 0.40592790195312495 0.47422688194444446 0.012757733593749964 0.02886598333333331
1 0.39954903554687504 0.47628873819444445 0.011597939843750016 0.03298969583333336
1 0.39143047656249996 0.47422688194444446 0.013917526562500004 0.045360830555555585
1 0.38563150703125004 0.4804124506944444 0.013917528125 0.053608256944444495
1 0.368234596875 0.47567019166666663 0.028994850000000037 0.07216496111111112
1 0.32880159999999997 0.48288668541666674 0.07538660937499997 0.10721651250000003
1 0.294587677734375 0.5076289597222222 0.08350516953125 0.10721651111111115
1 0.44217146484375 0.4618557472222222 0.006958764062500044 0.016494850000000047
1 0.45029002343749996 0.4721650263888889 0.011597940625000015 0.01649484722222228
1 0.47203616132812504 0.4814433784722222 0.011597939843750016 0.01855670416666663
1 0.481314512890625 0.48659801736111113 0.013917528906249999 0.02474227361111111
1 0.490592864453125 0.48865987499999997 0.02319588046874994 0.032989697222222246
1 0.505670185546875 0.49484544097222216 0.025515467968749928 0.04123712083333331
1 0.5309536996093749 0.49917533750000004 0.03943299609375002 0.0639175361111111
1 0.5697603441406249 0.5202749881944445 0.048108374218749986 0.08247424305555558
1 0.6091933390625 0.5357389090277778 0.08058260624999995 0.1051546569444445
1 0.669201141015625 0.558419325 0.11365981328125 0.13814435277777776
1 0.195425290234375 0.5422681298611112 0.16817013203125 0.2103093125
1 0.8362114785156252 0.6247423722222222 0.29226808984375 0.317525825
1 0.096842799609375 0.6123712347222222 0.19368559921875 0.41237120277777767