1 0.373351405078125 0.41765100625 0.10722886328124996 0.13517335416666668
1 0.28415648750000005 0.38819014652777784 0.0516648171875 0.031193851388888937
1 0.18472608632812498 0.3977216013888889 0.06141289296875001 0.01906290833333328
1 0.154994447265625 0.4011875847222222 0.02924423515625001 0.01906290833333336
3 0.06872395312499999 0.4167845104166667 0.055564046874999995 0.05025675972222222
1 0.00341182734375 0.4375804104166666 0.0068236546875 0.04679077638888892
1 0.053614431640625 0.7651158479166666 0.10722886328125 0.45924280972222226
1 0.22079397734375 0.5259629881944444 0.2661225421875 0.2720796986111111
1 0.530782872265625 0.5285624756944445 0.29341716171875004 0.44017989583333333
2 0.829074073046875 0.3076060305555555 0.33825832265625 0.3171374833333333
0 0.9913795792968749 0.42458297291666663 0.011697694531249959 0.2807446597222222