1 0.027146505078125 0.4255628979166666 0.05393046953124999 0.0715231763888889
1 0.09032034804687501 0.42288077777777777 0.07442880390625001 0.055430461111111065
1 0.144130362890625 0.41483442152777783 0.04727234921874999 0.04649006527777778
1 0.2039751453125 0.4094701826388889 0.06034768125000003 0.03576158749999997
1 0.279409746484375 0.40231786527777774 0.026150661718750003 0.021456952777777774
1 0.30556040625 0.3960595888888889 0.026150660937500004 0.030397352777777796
1 0.36691388203124997 0.3898013090277778 0.012069535937499997 0.025033109722222235
1 0.379486315234375 0.3862251513888889 0.007040563281250023 0.028609269444444387
1 0.39457323515625 0.38711919097222214 0.007040562500000025 0.023245031944444446
1 0.4061398734375 0.38086091180555554 0.010057946874999946 0.02145695416666666
1 0.5021932640625 0.38911978472222225 0.021121689062499983 0.03082237499999994
1 0.5248236429687501 0.3880132305555556 0.026150660937500004 0.05006622222222224
1 0.5454424343750001 0.39158938958333334 0.043249170312499974 0.057218540277777744
1 0.557009073046875 0.3996357458333334 0.034197017968750035 0.05900662222222219
1 0.5866800160156249 0.3987417083333333 0.05129552890625 0.10013244722222221
1 0.62892339140625 0.40589402569444444 0.08951572499999996 0.11443708194444449
5 0.46648755351562504 0.42109269791666665 0.030173839843750015 0.08403973194444442
4 0.720953603515625 0.41125826180555547 0.030173839843750015 0.1108609236111111
5 0.94958651796875 0.42570087222222225 0.09793282656249999 0.18266005000000002
0 0.9185922554687501 0.3388410472222222 0.033191225000000026 0.1376821138888889
0 0.8507011152343751 0.3522516430555556 0.014081125781249959 0.03933774722222224
0 0.813989608984375 0.3719205152777778 0.019110099218750065 0.07867549166666667