1 0.468070323046875 0.6646291090277777 0.012927177343749995 0.023245031944444446
1 0.42826735546875006 0.6565827500000001 0.01005794531249995 0.017880794444444428
1 0.411168846875 0.6646291090277777 0.016092714062499968 0.023245031944444446
1 0.44498507265625004 0.6708873861111111 0.01685429843750006 0.03218542777777782
1 0.4916324203125 0.6717814270833333 0.016092715625000052 0.023245031944444446
1 0.47903190820312497 0.66820526875 0.01111989453124993 0.023245031944444446
1 0.375966032421875 0.6744635451388888 0.05028973359375004 0.08225165416666663
1 0.2432011375 0.6503244729166667 0.02816225000000001 0.03397350972222226
1 0.177824483984375 0.6503244743055556 0.05632450078125002 0.04112582638888895
1 0.10909691718749999 0.6525528527777777 0.0569915609375 0.03666907222222227
1 0.28846189804687505 0.7486688423611112 0.17299668359375003 0.19490065416666655
1 0.550471408203125 0.6950264590277778 0.03721440390624995 0.07331125694444446
1 0.5801423515625 0.7057549354166668 0.06034768125000003 0.08403973472222227
1 0.598246653515625 0.7263178486111111 0.04224337578124997 0.10013244722222225
1 0.95476999453125 0.9048224881944444 0.08945399062499995 0.18535365694444453