1 0.43731950859374996 0.38711919097222214 0.016092714062499968 0.023245031944444446
1 0.46045278593750005 0.38801323125000003 0.014081126562499957 0.017880793055555542
1 0.41720361562499997 0.39427150902777774 0.012069535937500042 0.0196688736111111
1 0.40412828359374997 0.39427150902777774 0.008046357812499938 0.0196688736111111
1 0.391555851953125 0.3996357479166666 0.013075330468750002 0.023245031944444446
1 0.36993126523437503 0.3996357479166666 0.02212748203124999 0.023245031944444446
1 0.20850122187499998 0.4210927 0.05330711718749999 0.06258277777777776
1 0.126026059765625 0.4264569381944444 0.12170115390625003 0.0983443652777778
1 0.4886150359375 0.38264899305555555 0.022127482812499988 0.01430463611111116
1 0.487609240625 0.4184105798611111 0.04023178437499997 0.053642384722222165
1 0.9180893578125 0.4255628979166666 0.15891555625000003 0.15377482916666668