1 0.41266827265624995 0.6024363208333333 0.01144786562500002 0.02204773888888888
1 0.404082374609375 0.6032843111111111 0.011447864843749978 0.01695979999999998
1 0.395973469921875 0.6041323013888888 0.012401852343749997 0.02204773888888888
1 0.38929554960937496 0.6083722506944444 0.00858589921874997 0.027135679166666666
1 0.38166363828125 0.60837225 0.012401853124999996 0.023743722222222235
1 0.370692768359375 0.6117642097222222 0.015263821093749996 0.03052764166666664
1 0.36353785234374997 0.6143081798611111 0.010493876562500004 0.035615581944444426
1 0.357336925390625 0.6185481305555556 0.01526381953125 0.037311558333333356
1 0.34302709453125 0.6193961208333333 0.022895729687499998 0.039007538888888936
1 0.21376161875 0.6380519020833333 0.11734061406250003 0.06275125694444444
1 0.6086448156250001 0.5891107694444445 0.0763190984375 0.04239949999999995
1 0.07066330859375 0.6272703187499999 0.025757696875000003 0.02374372083333335
1 0.07924920703125 0.6510140395833334 0.09253690781250001 0.05766332083333331
1 0.012946989843750001 0.6397478798611111 0.022895729687499998 0.035615579166666654
1 0.130287605859375 0.6953518208333334 0.13355842421875003 0.12211055833333333
1 0.31154546640624997 0.6597362395833334 0.0763190984375 0.10515075972222224
1 0.45082782265625 0.6656721722222222 0.10493876093750001 0.1509422194444444