1 0.10916011796875 0.41953110277777783 0.08332028281250001 0.0956249666666667
1 0.165585880859375 0.41484360624999994 0.059062482031250016 0.07874997638888893
1 0.32695301015625 0.3989061104166667 0.0253124921875 0.04687498472222226
1 0.365976434765625 0.39515611111111104 0.021093741406250022 0.0318749888888889
1 0.502031075 0.40078110972222225 0.018984370312499978 0.05812498055555556
1 0.5378904359375001 0.41484360624999994 0.05906247968749998 0.07874997638888893
1 0.77807146015625 0.49362021388888894 0.22359367187499996 0.22874991944444448
1 0.24398429882812497 0.4199998527777778 0.13499995078125 0.15749994444444443
1 0.42767563085937504 0.44968734861111115 0.12128901953125007 0.1906249416666667
2 0.02558310078125 0.3493500215277778 0.0511662015625 0.2918251875
1 0.9189840968749999 0.5487498312500001 0.15820307031249997 0.3862498958333334
1 0.34906174414062496 0.3980686951388888 0.017219394531249987 0.02908164583333333