0 0.48500835078125004 0.5648126055555556 0.007345828124999976 0.03264812777777782
0 0.5355109230468751 0.5623639951388889 0.005509371093749937 0.031015720833333343
0 0.5767394082031251 0.57623945 0.01010051484375003 0.07182588055555562
0 0.63734249453125 0.5795042638888889 0.01744634218750001 0.09141475555555556
0 0.8163970687500001 0.5817896222222222 0.028465085937500058 0.10120919444444448
0 0.14553923085937498 0.5476723395833334 0.026628628906249997 0.05060459861111113
1 0.437535921875 0.5595889361111112 0.05417548750000005 0.0359129416666667
4 0.363802178125 0.5830955777777778 0.01836457031250003 0.042442566666666674
4 0.352324319140625 0.5855441854166666 0.017446342968750007 0.05386940694444446
4 0.3445193765625 0.5879927972222223 0.02203748593750001 0.05876663055555558
4 0.33625531953125 0.5912576097222222 0.0238739453125 0.06203144166666661
4 0.328909491015625 0.5945224236111112 0.025710400781249997 0.06856106944444444
4 0.320645433203125 0.5977872347222222 0.029383314843749987 0.07182588055555554
4 0.31284048984375 0.6002358437499999 0.03030154218750001 0.07672309861111112
4 0.297414246875 0.6059492673611111 0.028465085937500013 0.08488513194444446
4 0.290068417578125 0.610030279861111 0.026628628906250017 0.08978235138888893
4 0.28088613359375 0.6149275013888889 0.030301543750000003 0.1028416
4 0.27216296250000005 0.6198247180555556 0.029383317187500025 0.10937122777777783
4 0.26206244609375 0.6230895326388889 0.0257104 0.11590085694444446
4 0.250125473828125 0.6304353618055556 0.02203748515624997 0.12406288472222218
4 0.238555789453125 0.6345163791666667 0.022037485156250015 0.13222491944444442
4 0.22524147499999997 0.6361487819444444 0.0192828 0.14201935555555556
4 0.214222730859375 0.6433313625 0.022955714843749985 0.14854898055555546
4 0.19953107421875 0.65149339375 0.028465085937500013 0.16813785694444444
4 0.182452021484375 0.6555744097222223 0.024792171093750003 0.1762998888888889
4 0.164087450390625 0.6614510833333334 0.028465085156250014 0.18609432777777776
4 0.1438864203125 0.6691233861111111 0.03397445781250001 0.2079685638888889
4 0.12074705937500001 0.6845224249999999 0.03397445625000002 0.21547764166666664
4 0.09411843046874999 0.6910520479166666 0.033974456249999986 0.23506651805555553
4 0.071162715625 0.702478892361111 0.048666115625 0.2546553958333333
4 0.044534087109374995 0.7130895368055555 0.04499320078125 0.25955261527777784
4 0.019741914453125002 0.7294135986111111 0.039483828906250004 0.2932890444444445