1 0.16352500312499998 0.30718895138888885 0.325547434375 0.6143779027777777
0 0.794114697265625 0.3033555097222222 0.017446342968750007 0.05060459722222224
0 0.8482901847656251 0.3237605881944444 0.022955713281250033 0.07835550416666667
0 0.8239571261718751 0.29764208541666665 0.027546857031249948 0.05223700416666664
0 0.69004878125 0.29437727291666665 0.021119257812499993 0.045707379166666666
0 0.67948915390625 0.3498790902777778 0.02387394374999996 0.0750906944444445
0 0.698771953515625 0.3634824826388889 0.027546857031250038 0.1773881680555556
4 0.674163440234375 0.42409918263888896 0.06794891640624998 0.1175332597222222
4 0.529542437109375 0.3596191215277778 0.010100514843749941 0.031015720833333343
0 0.6265991808593749 0.35472190138888887 0.02387394296875005 0.11916566111111106
2 0.519625564453125 0.33186821527777777 0.026628628906250017 0.053869408333333306
2 0.496578022265625 0.33105201180555555 0.018364572656250022 0.032648129166666665
1 0.483906465234375 0.3432950583333333 0.02387394296875005 0.037545347222222206
1 0.414580207421875 0.3596191215277778 0.08172234453125 0.10610641527777775
5 0.8457803835937501 0.42409918263888885 0.27822326249999996 0.3525997763888889