1 0.07523706796875 0.5582808631944445 0.1504741359375 0.15937489305555552
2 0.25857953046875004 0.5003902791666667 0.10019524375 0.15234364722222216
1 0.31329140625 0.53671838125 0.011865226562499975 0.046874968055555556
1 0.49588405351562503 0.5484371215277778 0.055371055468750006 0.07499994861111109
1 0.41282746992187497 0.5636714875000001 0.08964837578125003 0.1429686527777778
1 0.36141148984375004 0.5249996395833334 0.03427732031250001 0.060937456944444475
1 0.33768103828124996 0.5179683958333333 0.01845701718749999 0.06093745833333336
1 0.45831083671875 0.5343746312500001 0.01713865937500003 0.046874968055555556
1 0.47149442304687506 0.5214840159722223 0.009228510156250013 0.0351562236111111
0 0.6942970039062499 0.5320308847222222 0.01186522656250002 0.051562466666666674
0 0.545322496875 0.5249996395833334 0.01713865937500003 0.060937456944444475