1 0.49275257265625 0.6104919805555555 0.007362365624999967 0.016828263888888827
1 0.4817090257812501 0.6095570770833334 0.01051766562499994 0.02243768472222219
1 0.47119136015625 0.6095570770833334 0.012621196874999985 0.02243768472222219
1 0.460147812890625 0.6123617875 0.013672963281250006 0.02804710555555556
1 0.447526615625 0.6123617861111111 0.015776496874999955 0.03926594722222221
1 0.42912070234375 0.6104919805555555 0.025242392187499973 0.0654432444444444
1 0.40493007578124995 0.6132966895833333 0.048381256249999983 0.08227150694444442
1 0.36548883320312503 0.6114268847222222 0.08729661328125005 0.10470919166666669
1 0.27030397226562497 0.6058174618055556 0.15986849765624997 0.1271468736111111
1 0.13515198593750002 0.6161014020833333 0.23244038125 0.1327562958333333
1 0.523253799609375 0.6067523666666667 0.007362366406249965 0.024307491666666674
1 0.533245579296875 0.6086221756944444 0.01051766484375003 0.02430749305555556
1 0.549547959375 0.6142315965277777 0.022087095312499992 0.03552633472222221
1 0.582678601171875 0.6067523666666668 0.042070657031250035 0.07292247222222217
1 0.604765696484375 0.6095570777777778 0.03365652578124996 0.09349034999999996
1 0.65367283671875 0.62077591875 0.11253900781249992 0.1346261013888889
1 0.045451334765625004 0.613905975 0.09090266953125001 0.15893218055555558
1 0.9330670863281249 0.5980711263888889 0.13252256796875006 0.2505541361111111
1 0.5068462359375 0.6108659645833333 0.0178800296875 0.01682826527777779
0 0.7904024710937501 0.6151664972222223 0.028397692187499945 0.16454301666666668
4 0.760076560546875 0.6500695715277778 0.03576005859375 0.08975073472222227