1 0.4176342773437501 0.48862362430555556 0.012318946874999969 0.023464659722222177
1 0.44975153125 0.4894057798611111 0.05895495937500002 0.07508691250000005
1 0.48670837148437496 0.5199098375 0.08887240078124999 0.1110660583333334
1 0.35559958164062505 0.5425923423611111 0.13990803828125 0.2064890097222222
1 0.7318931378906249 0.6262829652777778 0.36428885078124995 0.3394554194444445
0 0.9853114691406251 0.5645456159722222 0.02639774296874986 0.20325454305555557
1 0.28671405078125 0.49331655763888893 0.023757968750000025 0.04223639027777774
1 0.2717553296875 0.49253440208333327 0.016718570312500035 0.043800701388888856
1 0.25107709765625 0.48705931319444445 0.028157592187500004 0.04536500972222228
1 0.21851988125 0.48862362430555556 0.033437140624999986 0.04536500972222228
1 0.1916821765625 0.49175224513888893 0.05191556093749998 0.06100811527777776
1 0.161324771875 0.4925344006944445 0.0404765390625 0.05944380416666664
1 0.11028913515625001 0.49644517708333336 0.0633545828125 0.06413673750000007
3 0.0385752671875 0.3705181673611111 0.0765534546875 0.38794905138888885
0 0.566976498046875 0.49113867777777787 0.018019064843749977 0.0838982888888889
0 0.547241332421875 0.4957149486111111 0.018019064843750064 0.08084744166666663