1 0.150292864453125 0.6065620895833334 0.058007771093750014 0.07031245138888893
1 0.4001217953125 0.6077339659722223 0.04614254687500004 0.05859371250000001
1 0.5741451136718749 0.5995308444444444 0.04350582890624999 0.05624996111111113
1 0.49108852968749994 0.5917964694444444 0.015820301562499937 0.023437486111111145
1 0.545141225390625 0.5938472493055555 0.011865224218750026 0.027539045833333376
1 0.53129846328125 0.5988277124999999 0.01450194218749994 0.03281247499999999
1 0.5187740578125 0.5938472493055555 0.011865225000000024 0.024023423611111146
1 0.61171832890625 0.6128902041666666 0.052734337499999916 0.05624996111111113
1 0.32497536171875 0.6140620777777778 0.06459956406249998 0.06796870277777782
1 0.274218560546875 0.6046870840277778 0.03427731953125002 0.06796870138888893
1 0.225439297265625 0.6222651965277778 0.09228509140624999 0.09843743194444446
1 0.5075680105468751 0.5958980291666667 0.013183583593750025 0.023437486111111145
1 0.36993957734375 0.6023879347222222 0.010722885937500015 0.017329916666666632