1 0.20320847539062498 0.41062471041666665 0.021093735156249994 0.02812498194444449
1 0.23616743554687503 0.4117965847222222 0.01845701796874999 0.025781233333333375
1 0.26055706796875 0.40945283680555555 0.019775376562499992 0.03046872916666664
1 0.28494670039062503 0.4129684590277778 0.021093735156249994 0.01874998750000003
1 0.31658730273437496 0.40945283680555555 0.02636716953125 0.03046872916666664
1 0.38975619765624997 0.4211715798611111 0.05405269687500005 0.07734369583333331
1 0.33306678359374997 0.40945283541666666 0.014501943749999979 0.02578123194444449
1 0.35416051953125 0.39656222013888887 0.0250488109375 0.03281247638888887
3 0.44710479101562495 0.3895309756944444 0.06591792265624993 0.05624995972222224
3 0.5235695832031251 0.3836716041666667 0.09228509296874998 0.08203119444444447
3 0.640903485546875 0.38484347916666667 0.15820301640625 0.12187491666666664
1 0.08785210859375 0.4164840819444444 0.04350582968750001 0.05859371111111105
1 0.029753700390625 0.4199997048611111 0.05950740078125 0.056249959722222166
1 0.01459257890625 0.4985152756944444 0.0291851578125 0.17109363194444444