1 0.26780822578125 0.44907580208333336 0.1504715796875 0.16355229861111112
1 0.364874088671875 0.42204809166666674 0.04366014609375002 0.059599566666666624
1 0.4385505875 0.4151179104166666 0.033524754687500026 0.05128334861111112
1 0.48299038046875 0.4144248902777778 0.031965465625 0.055441458333333395
1 0.560954929296875 0.4268992194444444 0.07094773828124996 0.09425048055555554
1 0.097065863671875 0.40402961805555554 0.11928576015624999 0.09286444166666664
1 0.18282686718750002 0.41858299930555554 0.04443979218750001 0.03603694305555554
1 0.523142123828125 0.41026678125000005 0.017152200781250036 0.027720726388888846
1 0.5009222273437499 0.41650394652777784 0.00857610156250006 0.03465091249999996
1 0.51066779609375 0.4151179097222223 0.010915035937499961 0.026334691666666684
1 0.4596010160156251 0.4178899826388889 0.011694682031250014 0.02910676527777775