1 0.10902315898437501 0.5562993604166667 0.21645183203125 0.49748045416666664
1 0.883589474609375 0.5949116479166666 0.22912080859375009 0.4556498791666667
1 0.24893953398437502 0.5063387159722222 0.14230811015624997 0.15944885972222222
1 0.33245087890625 0.4936536736111111 0.0908858515625 0.12330712222222226
1 0.36473927265625 0.46601586944444445 0.05500985625000001 0.09779530000000002
1 0.39941940273437504 0.47345681597222217 0.014350397656250014 0.053149618055555535
1 0.400615267578125 0.46388988472222226 0.02630906015625003 0.05952757499999998
1 0.415563598046875 0.46282689375 0.008371064843750008 0.04464568194444449
1 0.425130531640625 0.4628268930555556 0.01076279921874992 0.03188977222222225
1 0.43350159453125 0.45963791597222226 0.005979329687500012 0.029763787500000027
1 0.441274728515625 0.45538594444444447 0.007175199218750006 0.025511819444444465
1 0.48073832265625 0.4585749229166667 0.011958665625000009 0.02338583194444447
1 0.49449078671875 0.4607009097222222 0.022721462500000022 0.03188977500000002
1 0.5052535851562501 0.47133083125 0.017937996875000018 0.036141743055555585
1 0.521039018359375 0.4681418576388889 0.02511319453125003 0.05952757638888894
1 0.5252245609375 0.4808977645833333 0.014350417187500053 0.06377954583333331
1 0.538379101953125 0.47983477083333337 0.016742133593750007 0.0744094722222222
1 0.5706674953125 0.47983477083333337 0.06218505624999997 0.09141734722222224
1 0.583822025390625 0.5021576125 0.05261812421875005 0.09354333055555557
1 0.652106009375 0.5064095840277777 0.12556598124999993 0.1658268125
1 0.7461208312500001 0.5622148923611111 0.19775685312500002 0.23066577083333337
1 0.46351785117187505 0.4581497333333333 0.019133863281250017 0.023385830555555504
0 0.331255012109375 0.4503544631944444 0.019133863281250017 0.08291340972222222
1 0.23558569609375 0.4166930298611111 0.04544292812500004 0.021259848611111132