1 0.41666649414062495 0.41056593194444446 0.022784799218749985 0.047257361111111056
1 0.44562217968750006 0.42153639374999996 0.025632901562499998 0.06244723194444449
1 0.81397646015625 0.3768106729166667 0.023734167187499898 0.016877629166666706
1 0.982014367578125 0.28229594444444445 0.02753163515625001 0.03713078611111109
1 0.748944841015625 0.3776545534722222 0.01518986640625002 0.01518986527777781
1 0.5234702484375 0.36415245 0.019936701562500048 0.01856539166666668
1 0.65400817109375 0.4164731048611111 0.022784799999999984 0.048945129166666684
2 0.371096893359375 0.40212711805555557 0.06455693671875 0.07088604722222223
1 0.30118513476562503 0.4341946138888889 0.029163757031250005 0.033755258333333336
1 0.369672843359375 0.4848275083333333 0.08639237109374998 0.11476788611111112
3 0.47647659765625 0.4341946145833333 0.07215187031249996 0.09451472638888885
1 0.58802718515625 0.4713254013888889 0.15094930468749998 0.24303787499999996