1 0.13047490234375 0.5390985847222223 0.12753755312499998 0.12064714444444447
1 0.007032592187500001 0.5666602187499999 0.014040831250000002 0.05720338750000001
1 0.337577166796875 0.5214175388888889 0.045632702343749984 0.05408320277777779
1 0.818024693359375 0.5189907333333333 0.07195926171874989 0.07176424722222229
1 0.5531502570312499 0.5133744069444445 0.005265310937500001 0.006240366666666672
1 0.5584155687499999 0.5138944381944444 0.0052653124999999966 0.009360554166666665
1 0.564558432421875 0.5133744090277778 0.00585034609374997 0.010400615277777803
1 0.5701162621093749 0.5138944381944444 0.005265311718749999 0.009360554166666665
1 0.5762591265625 0.5154545312500001 0.00819048750000002 0.01248074027777785
1 0.585619679296875 0.51441446875 0.011700692968750027 0.018721109722222216
1 0.5973203726562499 0.5159745611111111 0.010530623437499997 0.019761169444444466
1 0.616919033984375 0.5097341930555556 0.02632656015624999 0.03640215833333337
1 0.627157139453125 0.5144144694444445 0.018721108593750025 0.02912172500000002
1 0.650558525390625 0.5149345013888889 0.03627214765625002 0.04472265000000001
1 0.77853485390625 0.5101502104166666 0.047972842187499955 0.033281970833333376
1 0.6600653390625 0.52211091875 0.038027253125000014 0.044722648611111124
1 0.71944635546875 0.5137904277777778 0.07254429687500004 0.08840523888888888
1 0.545486309375 0.5170146159722222 0.011700692187500028 0.015600923611111107
1 0.470016840234375 0.5175346465277778 0.00585034609374997 0.012480740277777772