1 0.35886061328125 0.3985933673611112 0.009493667187499976 0.015189862500000038
1 0.36787959765625 0.402812775 0.008544300000000015 0.02025315555555554
1 0.378797315625 0.4061883013888889 0.013291135937499999 0.027004208333333363
1 0.3004745609375 0.4045005375 0.016139234375000023 0.02025315555555554
1 0.2867087453125 0.4045005375 0.011392399999999992 0.02025315555555554
1 0.26819609375 0.4061883027777778 0.023734167187499988 0.02362868611111111
1 0.232120159765625 0.40450053888888887 0.021835435156250017 0.016877627777777744
1 0.203164475390625 0.40225018680555547 0.017088602343750002 0.013502104166666681
1 0.15379740625 0.4106890034722222 0.041772134375000006 0.030379737500000045
1 0.11724678867187502 0.4145065611111111 0.016139233593750003 0.021137219444444435
1 0.345569480859375 0.39891484166666663 0.01898733515625004 0.025316444444444464
1 0.3897150328125 0.411573063888889 0.027531634374999968 0.033755258333333336
1 0.452847918359375 0.4157924729166666 0.04556960234375005 0.05569618194444443
1 0.5511073718749999 0.4343578659722222 0.10727843750000003 0.1299577541666666