1 0.509380746875 0.23358552777777777 0.015986842187500017 0.019539474999999997
1 0.491395548828125 0.2460197375 0.02597861796874996 0.030197366666666683
1 0.47291076367187496 0.25134868541666666 0.02697779765625006 0.03730263194444446
1 0.545351141796875 0.24335526527777776 0.01798519765624995 0.024868422222222207
1 0.582820303515625 0.23713815902777777 0.012989308593749981 0.02664473750000001
1 0.5643355160156249 0.2504605277777777 0.023980263281250025 0.03552631666666666
1 0.41698761992187505 0.2698519180555556 0.11296868203125006 0.21345406111111112
3 0.266080992578125 0.20161184375 0.23480674453125 0.32506579027777777
1 0.757676389453125 0.2708881604166667 0.042964639843749985 0.09769737083333332
1 0.803138971875 0.2842105263888889 0.09392269687499999 0.11723684166666663
1 0.9105505683593751 0.2939802638888889 0.17885279765625003 0.21848684166666668
1 0.9784032542968749 0.3885442361111111 0.042187471093749984 0.23353583888888887
0 0.26517132265625 0.3142966611111111 0.050097621875 0.18046862499999997
3 0.6507911746093751 0.2205467229166667 0.05141598046875 0.08671869027777779
3 0.6158546749999999 0.20999985555555556 0.03427732031249997 0.07968744444444442