1 0.29705134101562497 0.5091101486111111 0.010530622656249999 0.031201849999999986
1 0.2809628875 0.5106702423611111 0.028666696874999963 0.04056240138888888
1 0.27335743828125 0.5184707034722222 0.02398642031249998 0.037442218055555546
1 0.26224178046875 0.5215908874999999 0.01813607343750001 0.03744221666666666
1 0.23825535859375 0.5226309486111111 0.039197321874999955 0.05200307777777782
1 0.204908384765625 0.53199150625 0.04270752890624998 0.06864406527777776
1 0.17360903125 0.5439522118055555 0.049142910937499985 0.08008474027777773
1 0.375153466015625 0.49714944097222225 0.009360555468749965 0.019761170833333352
1 0.36462284140625 0.5002696263888889 0.014040831249999997 0.015600922222222221
1 0.31723503671875 0.5096301791666666 0.030421801562500007 0.03640215833333329
1 0.296466305078125 0.5091101493055556 0.009945588281249983 0.029121723611111133
1 0.38539157187499995 0.4924691631944444 0.0040952421875000145 0.0124807375
1 0.08285553164062501 0.5803543673611111 0.16571106328125002 0.27353619861111106
1 0.344731664453125 0.5111902708333333 0.03159187109374999 0.03952234166666663
1 0.391534436328125 0.4919491326388889 0.010530624218749996 0.015600923611111107
1 0.405867784765625 0.4909090722222222 0.008775521093749994 0.013520802777777795
1 0.419031065234375 0.4966294097222222 0.015210900781250026 0.022881355555555573
0 0.5811734128906251 0.5169106111111111 0.015210900781249936 0.06864406388888887
0 0.5457788164062499 0.5070300263888888 0.013455796874999936 0.05096301666666668
0 0.6256360640625 0.5231509805555556 0.012870762500000054 0.08528505
0 0.639384359765625 0.5236710097222222 0.021646282031249964 0.0884052361111111
0 0.73035726484375 0.5439522104166667 0.023401385937500054 0.14560862083333326
0 0.66065037265625 0.5377118423611111 0.026326557812499995 0.10920646527777783
0 0.617650326953125 0.5293913499999999 0.018721108593750025 0.08632511111111114
0 0.7525008124999999 0.5345916597222222 0.02983676718749999 0.15704929999999998