3 0.173717468359375 0.4194178388888889 0.34524887890625 0.8357146611111111
1 0.39912098828125 0.49832384305555555 0.01894133593749996 0.024489808333333307
1 0.38319304687500005 0.5044462930555556 0.016358425 0.03061225833333331
1 0.36382122734375 0.5052116020833334 0.02066327499999998 0.03826532638888891
1 0.34401892265625 0.5105687444444444 0.013775517187499985 0.03979593611111112
1 0.43048488671875 0.49362267152777783 0.01205357812500001 0.016836743055555558
1 0.434359251171875 0.4951532840277778 0.009470669531249953 0.016836743055555558
1 0.46836755781249995 0.4875002201388889 0.00860969843749997 0.01683674583333333
0 0.8356189859375001 0.4885471965277778 0.01721939531249994 0.0964286152777778
4 0.732685276953125 0.5326533 0.06629467265625007 0.08877555000000004
1 0.990777783203125 0.5365097270833333 0.014636486718750064 0.06887758194444445
1 0.5230869578124999 0.4990914173611111 0.025829093749999997 0.06887758194444445
1 0.48801333125 0.49510545277777773 0.013775517187499985 0.018367355555555537
1 0.45615744765625 0.49587076041666667 0.027551032812499977 0.044387776388888904
1 0.41999671875000005 0.4951054513888889 0.017219396875000025 0.021428583333333348
1 0.55043363984375 0.5073503555555555 0.0714604890625 0.10102045277777781