0 0.023986437890625 0.5618417034722222 0.01989119140625 0.11024660972222225
0 0.05089805234375 0.5576814534722222 0.017551053125000004 0.10192610972222221
0 0.005850350390625 0.5608016444444445 0.01170070078125 0.09984599166666668
0 0.094190648828125 0.5543532458333333 0.026911614843749997 0.08112486388888887
4 0.090680437109375 0.5761945527777778 0.03159189453125 0.06656399166666663
4 0.17258535 0.5647538659722222 0.022231334375 0.052003118055555575
4 0.46978317148437493 0.5429125555555555 0.019891192968750016 0.07904473888888883
0 0.577897655859375 0.528143675 0.019891192968749926 0.11024660833333336
0 0.31755704414062497 0.5281436743055555 0.011700702343749958 0.04784287083333333
0 0.40589734218750007 0.5219033006944445 0.005850351562499956 0.027041618055555557
0 0.309951588671875 0.5250234895833333 0.005850350781250002 0.033281995833333314
0 0.343883622265625 0.5229433645833333 0.005850350781250002 0.029121745833333375
1 0.52231932265625 0.5125427388888889 0.009360562499999947 0.02080125
1 0.538700305859375 0.5125427374999999 0.025741544531249973 0.045762741666666704
1 0.5697071640625 0.5208632402777778 0.047972876562500044 0.07488449166666666
1 0.48370700625000007 0.5146228645833334 0.021061262500000046 0.03744224305555556
1 0.502428129296875 0.5167029888888889 0.018721122656249988 0.02496150000000002
1 0.746972794140625 0.58222691875 0.19891192890624998 0.22673360138888882
1 0.88775908984375 0.6494965618055556 0.22092659531250006 0.4216626902777778
0 0.39770685078124995 0.5198231770833334 0.0058503531249999964 0.02704162083333333
0 0.35501277734375 0.5236778562500001 0.009563921875000015 0.027204045833333388