1 0.42714828671874994 0.3840623548611111 0.023203115624999972 0.061874976388888926
1 0.325898323046875 0.39624985069444446 0.023203116406249967 0.059999976388888855
1 0.300585830859375 0.4046873486111111 0.04429685859374999 0.07312497500000004
1 0.37652330625 0.3653123652777778 0.07804684843750001 0.09937496666666669
2 0.31271473515625 0.3578123673611111 0.03480467499999999 0.02812498750000003
2 0.25945303320312496 0.34843736736111114 0.06539060234375 0.04687498472222226
1 0.21937492343749998 0.3999998534722222 0.012656245312500003 0.02624999027777777
1 0.2562889734375 0.4243748402777778 0.07382810000000002 0.10124996111111109
1 0.14978655898437498 0.4722068659722222 0.17613275078124999 0.19124993194444445
1 0.3839271 0.4693943666666666 0.12761714062500004 0.17437493888888891
3 0.5073254949218751 0.34751940833333334 0.12761713984374995 0.2793749027777778
3 0.79154269140625 0.4434373479166667 0.41449204375 0.8831246902777778