1 0.251453644140625 0.4241041520833333 0.027222902343749977 0.03566040972222224
1 0.2220815671875 0.42792491180555553 0.03438682343749999 0.043301929166666676
1 0.3553305078125 0.4011796048611111 0.020058978125000015 0.02547172361111115
1 0.7629576425781249 0.39353808888888886 0.14471121796874992 0.1120755777777778
1 0.38971733125 0.41009470694444444 0.008596707812499993 0.03311323611111116
1 0.398314035546875 0.41264187916666667 0.011462274218750013 0.03820758055555555
1 0.412641878125 0.41391546458333334 0.022924548437499935 0.0458490986111111
1 0.428402507421875 0.4139154652777778 0.022924549218750024 0.05603778333333338
1 0.45634180078125 0.41264187708333333 0.055878587500000076 0.07896233472222226
1 0.91626556328125 0.35787767777777774 0.0916981937500001 0.11716991111111111
1 0.9234294875 0.41009470833333334 0.09456376406249997 0.11462273888888888
1 0.154024313671875 0.42665132569444447 0.05301302109374999 0.06113212916666665
1 0.123935841015625 0.43811360138888883 0.044416313281249994 0.058584958333333347
1 0.07665396054687501 0.4432079479166666 0.07593756796875001 0.08405667916666673