0 0.7610624390625 0.6484499527777777 0.04218749531249992 0.1604999833333333
0 0.9390936753906249 0.5692499534722222 0.021937499218750035 0.061499993055555535
0 0.8369999332031248 0.6072499673611111 0.021937497656250037 0.11650002083333336
0 0.9652499238281251 0.5782499541666667 0.02024999921874997 0.03149999722222216
0 0.9914061703125 0.5782499527777778 0.015187500000000043 0.02250000000000006
1 0.4842281070312501 0.6523499381944444 0.012656249999999947 0.013499998611111152
1 0.49435310546875 0.6530999375 0.017718748437500053 0.026999994444444456
1 0.4985718558593749 0.6575999381944445 0.012656249218750037 0.023999998611111156
1 0.506165605078125 0.6545999402777778 0.012656249218750037 0.03599999722222217
1 0.510384355859375 0.6560999395833333 0.014343749218750012 0.035999998611111056
1 0.5154468542968751 0.6583499375 0.010968749218749973 0.037499994444444455
1 0.524728104296875 0.6598499388888889 0.01940624765624994 0.040499997222222264
1 0.53400935390625 0.6605999368055555 0.017718748437500053 0.05099999583333338
1 0.550040601171875 0.6530999395833333 0.027843747656249994 0.06899999583333336
1 0.56438435 0.6568499388888889 0.024468746874999957 0.07649999444444444
1 0.46431560390625004 0.6523499368055555 0.009281249999999996 0.019499998611111066
1 0.45883122812499993 0.6545999388888889 0.006749998437499993 0.014999994444444395
1 0.45123747890625 0.6538499409722222 0.011812498437500008 0.019500001388888914
1 0.44364373046875 0.6583499395833333 0.011812500000000004 0.02849999861111109
1 0.432253106640625 0.6605999368055555 0.022781247656249982 0.035999998611111056
1 0.4153781054687499 0.6658499375 0.01940624843750003 0.04949999722222221
1 0.4048312328125 0.6590999395833333 0.021937499999999988 0.06599999583333332
1 0.3790968609375 0.6583499368055555 0.04303124687500004 0.08249999305555554
1 0.3588468609375 0.6695999374999999 0.049781245312500035 0.08099999722222222
1 0.32256561328125005 0.6718499381944445 0.05484374375000001 0.08249999305555562
0 0.18562498671875 0.6656249465277777 0.03374999687499998 0.1364999875
1 0.594843703515625 0.6601874472222222 0.06834374609375002 0.08362499444444443
1 0.4724999625 0.6554999479166667 0.018562498437499998 0.029999998611111068
1 0.945421799609375 0.6519999798611111 0.10546874296874993 0.11999999027777784
0 0.89282807109375 0.6247499520833334 0.016031249999999986 0.10349999305555554
0 0.6510937136718751 0.6224999493055555 0.008437499218749967 0.03599999861111114
0 0.6620624640624999 0.6247499479166666 0.011812500000000004 0.04049999583333338
0 0.6734530886718749 0.623249948611111 0.010968749218749973 0.046499997222222256
0 0.70256246015625 0.6224999506944444 0.01518749687500005 0.050999998611111076
0 0.685687460546875 0.6224999506944444 0.013499997656249985 0.050999998611111076