0 0.933683706640625 0.6505465027777778 0.030047236718749915 0.12383103611111118
1 0.8954417703124999 0.6371921770833333 0.02731567031250002 0.038848951388888824
1 0.858565616796875 0.628693967361111 0.02458410234374995 0.036420893055555584
3 0.8073487347656251 0.6214097875 0.03414458515624989 0.06070148611111108
1 0.6359429082031249 0.6044133722222222 0.03824193828125004 0.03156477500000005
1 0.590872055859375 0.6044133722222222 0.040973503906249945 0.03156477500000005
1 0.539655175390625 0.6080554625 0.06419182265625008 0.0776979027777778
0 0.875637909765625 0.6396202354166667 0.009560483593750035 0.0388489513888889
1 0.371663807421875 0.5934871034722222 0.07511808984375001 0.08255402361111111
1 0.11216494609375001 0.6893954548611111 0.2226227046875 0.44919100972222226
1 0.28698523125 0.616553670138889 0.12155472812500001 0.1578238680555555