1 0.58124362734375 0.5847682875000001 0.02440149531250002 0.04511565555555556
1 0.604181034765625 0.5856358958333333 0.017569077343750017 0.04685087222222219
1 0.6363910089843751 0.5726217666666666 0.04685087109374999 0.08329043888888887
1 0.6993468675781249 0.5544019847222222 0.10443840234374999 0.13014131111111113
1 0.5597703125 0.5873711145833334 0.014640896875000031 0.039910001388888915
1 0.53439275625 0.5891063333333334 0.040018453124999985 0.04685087222222219
1 0.502182782421875 0.5891063319444445 0.03611421484374997 0.03643956666666668
1 0.8525882609375 0.5639456791666666 0.2703685734374999 0.19781479166666666
1 0.39432817070312504 0.6116641597222222 0.19716408671875 0.10931870000000003
1 0.18642742734375 0.5257708951388889 0.02147331562499999 0.06246782916666665
1 0.10248628242187499 0.6203402465277777 0.20302044453125 0.24813609861111108