1 0.37179242187500006 0.48296330138888893 0.005741967187499997 0.014035922222222217
1 0.32442118671875 0.47785932847222223 0.020096887500000004 0.019139895833333278
1 0.31903809179687503 0.48742927708333333 0.02081463359375002 0.02807184583333332
1 0.27023136406250003 0.5072071638888889 0.0337340609375 0.07783556666666666
1 0.252646587890625 0.5116731402777778 0.02296787109374998 0.08166354444444444
1 0.20491647968749999 0.5046551784722222 0.0796698046875 0.1339792486111111
1 0.10586753242187501 0.5257090631944444 0.13421849921875 0.17863900416666662
1 0.37789326250000005 0.4829633 0.0064597140625000105 0.01148393333333336
1 0.39404254765625 0.4880672722222223 0.008612951562500016 0.017863900000000005
1 0.385429595703125 0.4855152861111111 0.00861295234374997 0.017863900000000005
1 0.3028888078125 0.495085232638889 0.03158082499999999 0.045935743055555554
1 0.350618915234375 0.5027411888888889 0.04808898046875001 0.06635162777777784
1 0.4814024941406251 0.5097591513888889 0.05926529921875003 0.08549152222222224
1 0.019223414453125 0.5522314930555555 0.03824945390625 0.22402790833333333
5 0.72590167109375 0.5355796263888889 0.08224972812499995 0.14962224722222217