0 0.37499135507812503 0.6075000027777777 0.01099095390625 0.02842105277777773
0 0.35850492421875 0.6066118444444445 0.011990132812499965 0.026644736111111123
0 0.32003658476562497 0.6350328986111111 0.02298108515624997 0.11901315833333335
0 0.306048097265625 0.6279276354166667 0.01898437421875001 0.11190789583333335
0 0.28006947968749996 0.6154934243055556 0.012989309375000025 0.09769736805555557
0 0.878077294921875 0.6936513194444445 0.027976974218750072 0.09414473611111107
0 0.8404578371093748 0.7045717041666667 0.03430440078124999 0.10072502222222224
0 0.26508181484375 0.6350328979166666 0.024979440624999995 0.12256579027777777
1 0.362501634375 0.6972039520833333 0.1238980265625 0.1580921069444444
1 0.6232869984375 0.7407236881944443 0.07993421249999999 0.19539473749999992
2 0.62478576484375 0.6297039506944444 0.07493832343749993 0.1261184208333333
1 0.497390615625 0.8020065833333334 0.24579769843749996 0.3925657916666666