1 0.550476905078125 0.6419691902777778 0.011187844531250057 0.03729281388888894
1 0.529499695703125 0.6394830048611111 0.039157457031249975 0.07707182083333326
1 0.7364748249999999 0.7177979159722222 0.07551795156250005 0.10441988194444447
1 0.8392631496093751 0.7401736062500001 0.18599792109375005 0.16906076527777777
0 0.436500737109375 0.5997040006944444 0.012586325781250008 0.017403315277777803
0 0.42531289140625006 0.6071625631944444 0.009789364062500017 0.032320440277777765
0 0.4169220078125001 0.6059194673611111 0.015383285937500001 0.04972375138888891
0 0.39664403984375 0.6233227826388889 0.02517265000000002 0.07458563194444447
0 0.40083948007812503 0.6531570368055556 0.01957872890624999 0.09447513472222219
0 0.351892659765625 0.6419691902777778 0.013984805468750005 0.1218231972222222
0 0.29175799375 0.5673835583333333 0.013984806250000004 0.042265191666666625
0 0.20575143750000002 0.6121349381944444 0.01818024843750001 0.16657457916666665
0 0.1966613140625 0.6021901854166667 0.013984804687500008 0.1765193291666667
0 0.141421328515625 0.6183504076388888 0.012586327343749981 0.23867402361111115
0 0.11834640039062501 0.6332675340277777 0.03356353515624999 0.2685082763888888
0 0.084083623828125 0.6171073131944443 0.04614986015625 0.26104971250000003
0 0.04912161054687501 0.5835437791666667 0.04614986015625001 0.24861877222222223
0 0.18057878632812502 0.6730465381944444 0.026571130468749992 0.3331491569444444
0 0.15330841484375002 0.6730465368055556 0.072720990625 0.3480662819444445
0 0.230924088671875 0.6785516534722222 0.06852555078125 0.35055247083333335
0 0.291757994921875 0.6785516541666666 0.04195441796875001 0.2361878333333333
0 0.337208614453125 0.6400157451388889 0.02657113046874997 0.16906076527777786
0 0.321825327734375 0.6387726506944444 0.02936809296874996 0.16160220416666676
0 0.36447898632812503 0.6499604965277778 0.01957872890624999 0.15414363749999996
1 0.46027490664062504 0.6851222986111111 0.11887085234375006 0.18397789166666662
0 0.671445477734375 0.6512035861111111 0.009789364843750014 0.03729281666666664
0 0.73577558515625 0.6599052444444444 0.015383285937500001 0.03977900277777782
1 0.605355672265625 0.7763802930555557 0.17156618046874997 0.27034670833333335
0 0.68090328046875 0.6663353187500001 0.008773270312499993 0.04332479305555555
0 0.7018616492187499 0.66373583125 0.009748078124999981 0.045057784722222195
0 0.695525398046875 0.6672018145833334 0.0068236554687500115 0.05892171805555554
0 0.9445888027343751 0.6957961784722222 0.01949615703125005 0.02946085972222221
0 0.9153445671875 0.67933275625 0.005848846874999936 0.020795901388888892
0 0.007798462890625001 0.5753532527777778 0.015596925781250002 0.10397950277777773