1 0.40950231484375 0.5392886694444444 0.019009392187499995 0.024901194444444424
1 0.42350923554687503 0.5464032972222223 0.017008403906250004 0.024901194444444424
3 0.43501492031249994 0.5277274006944445 0.012005932812499953 0.019565220833333303
1 0.44902184062499995 0.5366206840277777 0.010004943750000005 0.023122534722222258
1 0.457526042578125 0.5383993402777777 0.011005436718750072 0.03023716111111104
1 0.47103271523437495 0.5419566534722222 0.022010874218749966 0.03735178749999998
1 0.381488471875 0.5401779965277778 0.013006426562500017 0.019565220833333303
1 0.3699827890625 0.541067326388889 0.014006920312499994 0.03201581944444448
1 0.360978340234375 0.5481819506944444 0.01600790703124999 0.03557312916666662
1 0.33896746484375007 0.549960607638889 0.0360177953125 0.04624507083333332
1 0.1083535234375 0.5890910520833333 0.08504201718750001 0.06047432083333335
1 0.301448926953125 0.5544072493055556 0.019009392968749993 0.03735178749999998
1 0.2799383 0.5552965784722222 0.02000988593749997 0.035573129166666696
1 0.25742717773437496 0.5615218770833335 0.025012358593750016 0.033794476388888876
1 0.223910617578125 0.5686365034722223 0.04202076171874998 0.03735178750000006