1 0.358100559765625 0.5442023381944444 0.017215060156250007 0.03910580972222222
1 0.33419075585937497 0.5501532229166667 0.032517335156249993 0.05100757916666668
1 0.3088463625 0.5586544888888889 0.020084235937500017 0.05780859722222221
1 0.285414753125 0.5595046125 0.034430118749999974 0.05610834166666668
1 0.254332006640625 0.5714063798611111 0.03347372734375002 0.05950884583333331
1 0.2352041640625 0.5773572680555555 0.029648159375000028 0.05440808888888892
1 0.211772555078125 0.5782073930555556 0.032517335156250014 0.07311087222222218
1 0.179733415234375 0.5867086597222223 0.03347372421874999 0.07311087222222225
1 0.101309256640625 0.5926595430555556 0.12337459296875002 0.14282123333333338
1 0.46904205234375 0.5220990506944444 0.015302273437499991 0.03230480138888889
1 0.453261582421875 0.5374013270833333 0.02964815859374994 0.04930732916666669
1 0.42648259960937496 0.5374013291666666 0.03347372421874999 0.05270783888888886
1 0.39061789375 0.5399517069444444 0.04208125625000001 0.04080606666666671
1 0.023919145703125 0.66139833125 0.04401272109375 0.20062982638888893
1 0.5805300589843749 0.5228277305555555 0.04016847265625003 0.06630986111111115
1 0.53079766484375 0.5041249506944444 0.02677898125000002 0.04590682638888887
1 0.56045595859375 0.49175265902777776 0.03363402656250001 0.06391753749999998