1 0.34570983203125005 0.5832934506944445 0.027591806250000017 0.031990498611111126
1 0.300123369921875 0.5971560013888889 0.04438681796874997 0.051184799999999975
1 0.48486850624999994 0.57902805 0.03478966874999996 0.07464450000000006
1 0.49506548007812495 0.5918242493055555 0.031190738281250054 0.06611369861111116
1 0.5088613824218751 0.5907579013888888 0.03718895703124998 0.08957339999999997
1 0.55024909140625 0.5960896527777778 0.09357221249999999 0.12156390000000007
1 0.576041432421875 0.6174166506944445 0.09477185546875004 0.13862550138888888
1 0.7193988609375 0.6216820513888889 0.24952590156250007 0.25805669999999997
1 0.872295690234375 0.7293834020833333 0.25540861953125005 0.4350708013888889
1 0.050791164062500005 0.6195493527777778 0.10158232812500001 0.11303310277777776
1 0.413489704296875 0.6014214013888889 0.07917648671874997 0.12796199999999996