0 0.786272476171875 0.9258723333333333 0.024169010156249993 0.14414778611111118
1 0.293926349609375 0.9445838229166668 0.08576100390625001 0.10672480416666666
1 0.34070507890624996 0.9293374229166667 0.038982275 0.07623200416666659
1 0.37695859453125 0.9189421506944444 0.03040617499999998 0.05544145972222212
1 0.4019072496093751 0.9099329125 0.016372555468749984 0.03742298333333325
1 0.47581764374999996 0.9078538576388889 0.012942118749999931 0.03326487361111106
1 0.4892275453125 0.9016166951388891 0.010135392187499991 0.04296712916666665
1 0.512694879296875 0.8905284041666666 0.03742298515625002 0.0845482222222221
1 0.42615422968749994 0.9010623319444444 0.031185820312499946 0.056827494444444446
1 0.525013267578125 0.9190808048611111 0.051456602343750026 0.0679157847222222
1 0.45484517265625 0.9066064777777778 0.029626529687499924 0.056827494444444446