1 0.77960810546875 0.6345506631944444 0.43478973593750003 0.6918370458333333
0 0.46449316757812503 0.33684644722222223 0.009470666406249962 0.03826532222222221
0 0.476977228515625 0.3536831888888889 0.02238521328125005 0.08724493333333333
0 0.550590145703125 0.39807096597222225 0.01463648828125006 0.1209184236111111
0 0.5372451125 0.40189749722222223 0.022385215624999955 0.13163271111111116
0 0.513137958984375 0.3957750479166667 0.010331638281250033 0.14387761527777782
0 0.52002571875 0.39883627430555557 0.02066327499999998 0.1438776208333333
1 0.025829066796875 0.2848056076388889 0.041326549218749994 0.0474489986111111
1 0.037452158984375 0.2978158201388889 0.06285079296874999 0.055102065277777806
1 0.07490434296875001 0.2939892861111111 0.027551032812499997 0.05663267777777775
1 0.088679860546875 0.2603158013888889 0.03443879140625 0.029081644444444443
1 0.10719071054687501 0.2916933666666667 0.06457273359375001 0.06122451666666665
1 0.147656291015625 0.29934643333333333 0.031855880468749986 0.048979613888888884
1 0.161001320703125 0.2886321423611111 0.02927297109375 0.03979594305555555
1 0.09901149648437499 0.2388872229166667 0.037882667968750006 0.032142873611111095
1 0.12656252968749998 0.22970354444444444 0.025829093749999997 0.032142872222222216
1 0.167212615234375 0.22270531875 0.02890395859374999 0.0365137791666667
2 0.20404981015625 0.23888722083333333 0.04649236718750001 0.06887758333333333
2 0.29316018164062496 0.2962852041666667 0.03357782109375003 0.048979613888888884
1 0.34654030703125 0.20904026875 0.012914545312500003 0.018367356944444423
1 0.365051157421875 0.20827496041666665 0.01205357578124997 0.022959190277777746
1 0.6362566371093751 0.3996015826388889 0.08781891796875003 0.08418371805555556
1 0.42058370859374994 0.4577648701388889 0.15755746875000004 0.23418377916666663
1 0.198023020703125 0.4095505659722223 0.14292098046875001 0.20204090694444443
1 0.120105255859375 0.49832611111111114 0.23676668828124997 0.35510220000000003
1 0.314622953125 0.1999636416666667 0.01377551562499999 0.022959194444444442
1 0.326246045703125 0.20455547847222222 0.011192611718750013 0.016836743055555558
1 0.262103798828125 0.2244534472222222 0.01721939921875002 0.022959194444444442
0 0.5790200921875 0.35178586458333333 0.016358424999999954 0.06581635694444445
1 0.286272423046875 0.1960300597222222 0.016358425781249998 0.029081644444444443