1 0.003061996484375 0.5987904000000001 0.00612399296875 0.055796377777777746
1 0.9385018855468751 0.5055696215277778 0.12171435546874995 0.15786292361111107
1 0.39384928203125 0.5178176090277778 0.019902976562500018 0.027217745833333376
1 0.308496133984375 0.5280242625 0.012247986718749982 0.014969758333333279
1 0.32342336601562505 0.5273438194444444 0.013013483593750009 0.0190524222222222
1 0.33490585156249997 0.5287047055555555 0.014544482812500004 0.0190524222222222
1 0.29088965429687497 0.5463962409722222 0.019902977343750017 0.04082661805555551
1 0.19405401953125 0.5429940222222223 0.0191374765625 0.03402218055555555
1 0.17262004453125 0.5477571284722222 0.02679246718749999 0.046270170833333346
1 0.07884640703125001 0.56204644375 0.1056388765625 0.12928429027777774
1 0.24419421015624998 0.5586442243055555 0.0933908890625 0.1007056569444444
1 0.3532778296875 0.5368700291666667 0.03904045156249998 0.05171371666666668