1 0.078472031640625 0.5112325597222223 0.15304483203125 0.32233646111111114
1 0.12477540390625 0.43844690624999993 0.08968232031250001 0.12130942083333333
1 0.20714666718750002 0.4583763118055556 0.05361443124999998 0.12304241249999998
1 0.41234371875000003 0.4427793861111111 0.03314346718750003 0.10571249444444446
1 0.426478432421875 0.40725305624999997 0.016571733593749992 0.038125818055555524
1 0.313888126171875 0.5129655506944444 0.24175234609375 0.4332479319444444
0 0.8817136968749999 0.44191289027777775 0.04386635312499987 0.15943523888888886
0 0.8012920496093751 0.4367139145833333 0.027294619531250053 0.12477540416666663
0 0.6579952960937501 0.46184229583333336 0.037042698437500035 0.09531454722222227
0 0.5712373976562499 0.42804895555555555 0.01169769374999996 0.07278565
0 0.554665664453125 0.42025049375 0.00974807890624998 0.05718872638888889
0 0.7700981980468751 0.43844690624999993 0.017546541406249984 0.11784343750000004
0 0.5965824015625 0.41765100625 0.005848846875000024 0.045057784722222195
0 0.5863469195312501 0.42025049305555556 0.008773270312499993 0.07105266111111111
0 0.5307828718750001 0.41765100625 0.010722885937499971 0.04852376805555557
0 0.543942778125 0.4185175020833333 0.007798462500000003 0.046790776388888844
0 0.5088496953125 0.42198348541666664 0.007798462500000003 0.05025675972222222
0 0.49763940546874996 0.4193839979166667 0.008773270312499993 0.05545573472222224
0 0.580985476171875 0.41331852708333333 0.011697694531249959 0.046790776388888844