3 0.52257712890625 0.4098807277777778 0.04055822500000002 0.08763349722222229
1 0.1575531046875 0.41875500625 0.021839043749999988 0.009983562500000036
1 0.4783374878906249 0.4414953444444445 0.019967125781249973 0.04215282222222222
1 0.594084421875 0.43317570902777774 0.01684726250000006 0.023294979166666646
1 0.58285291484375 0.42984785416666665 0.011855481250000022 0.01885784166666661
1 0.49736865546875003 0.4492603388888889 0.03681438906250003 0.05546423888888891
1 0.542606675 0.44149534305555554 0.031198634375000013 0.04437139166666668
1 0.5719333917968751 0.43206642361111114 0.017471235156250042 0.023294980555555532
1 0.6830161070312499 0.48253889791666665 0.19967126093749998 0.2307312347222222
1 0.9772192320312498 0.5601888333333334 0.04430206093749991 0.12645846666666674
1 0.426253369921875 0.43588397847222227 0.010686017968749972 0.0211081819444444