1 0.48671765429687497 0.46293319791666665 0.011958664843750012 0.02763780138888884
3 0.48611972109375 0.44167335 0.02032972968750002 0.04039371111111107
2 0.5142225843749999 0.4512402819444445 0.055009857812499965 0.10204727222222224
1 0.38506900390625 0.4556517104166667 0.038267726562500035 0.037948809722222164
1 0.295379019140625 0.462189125 0.04544292578125 0.03826772777777773
1 0.45024372812499996 0.4738820395833333 0.037071860937500034 0.048897651388888935
2 0.6220499015625001 0.43899133541666663 0.16144197343749997 0.23735256527777782
1 0.8893829804687499 0.48928022847222225 0.21764769843749993 0.31464575694444447
5 0.1751944390625 0.46240170416666665 0.041855326562499996 0.04039371111111107
1 0.07294785390625 0.4517717784722223 0.033484260937499996 0.04889765138888886
1 0.11779284765625 0.4613387104166667 0.0562057234375 0.055275606944444416
1 0.41696902187500007 0.44117275277777773 0.013917528125 0.02268041666666668