1 0.421287388671875 0.2932462486111111 0.017994655468750054 0.03199049999999997
1 0.56044606328125 0.31030785 0.015595368750000027 0.0533175
1 0.5940360890624999 0.31777230208333335 0.04678610781249999 0.08957339861111113
1 0.642621661328125 0.32417040208333336 0.09117292734374996 0.16208520138888885
1 0.9616691492187499 0.3529618506944444 0.0766617015625 0.1172984986111111
1 0.9420875808593749 0.5225115013888889 0.11187647578125012 0.2857817999999999
1 0.782380156640625 0.3518954993055555 0.2843155695312499 0.32843579861111116
1 0.36670359765624994 0.33803295277777773 0.10556865156249998 0.14715629999999996
1 0.4878676171875 0.3721561520833333 0.17034941250000007 0.23672970138888888
0 0.24853868750000002 0.3081751513888889 0.032390381250000023 0.12156389999999999
0 0.20115275937500005 0.31137420208333333 0.03119073750000001 0.1620852013888889
0 0.13757164023437501 0.3177723020833333 0.026392161718750008 0.1450235986111111