0 0.8095779160156249 0.23915285833333336 0.06336251015625001 0.3292684277777778
0 0.7520642527343749 0.24088584999999998 0.06531212421874999 0.24955080833333332
0 0.517622966015625 0.23308738680555557 0.025345003906249986 0.14037232916666664
0 0.533707295703125 0.23135439583333334 0.026319811718749975 0.16810019722222222
0 0.55320345234375 0.22008994930555556 0.04386635312500005 0.18369712361111112
1 0.45913449570312503 0.19496156944444445 0.029244236718749938 0.060654711111111086
1 0.48155507617187504 0.22528892430555555 0.07018616484375002 0.1213094208333333
0 0.426965836328125 0.19669456041666666 0.01949615703125005 0.04332479305555555
0 0.4118563144531249 0.19756105625000003 0.016571732031249998 0.027727865277777753
0 0.398209005078125 0.19496156874999998 0.012672502343750036 0.032926843055555544
0 0.38261207929687496 0.19149558541666667 0.012672502343749992 0.032926843055555544
0 0.37578842460937495 0.19582806458333332 0.012672502343749992 0.031193851388888857
0 0.36604034609375 0.19582806458333332 0.010722885937500015 0.031193851388888857
1 0.17059137304687502 0.26688072569444443 0.02924423515625001 0.0415918013888889
1 0.18765051015625 0.2807446604166667 0.034118274999999997 0.05545573750000001
1 0.037042698046875 0.25388328819444445 0.07213578046875 0.05372274305555555
1 0.057513662890625004 0.3587292875 0.11112809453125001 0.1836971222222222
1 0.35044342031250003 0.4367139145833333 0.3675025578125 0.4540438319444445