1 0.31256448476562504 0.3439175826388889 0.015077322656249992 0.012371137499999997
1 0.2882088109375 0.3490722201388889 0.024355673437500024 0.010309281944444453
1 0.24297684414062498 0.34494850972222224 0.024355674218749977 0.02268041666666664
1 0.157731984765625 0.34494850694444446 0.023195880468749985 0.010309277777777758
1 0.446520692578125 0.3556701625 0.006958764843749954 0.016494847222222237
1 0.42448460546875 0.3515464506944444 0.009278351562500032 0.012371137499999997
1 0.41462635703125006 0.35360830625 0.012757734375000052 0.02061855972222225
1 0.43782223671875 0.35876294722222224 0.015077321875000039 0.02268041666666664
1 0.488853174609375 0.3556701625 0.010438144531249981 0.016494847222222237
1 0.46739698359375004 0.35360830625 0.009278351562499943 0.012371134722222187
2 0.35376024765625 0.33885314791666665 0.010438145312500025 0.014432993055555541