1 0.1212191671875 0.5597827333333333 0.24025419218750002 0.28525418333333336
1 0.22118207226562497 0.47130817222222227 0.016302963281250006 0.013728811111111128
1 0.26365558125 0.4720708847222222 0.020593215624999984 0.015254236111111099
1 0.331870610546875 0.4796980041666667 0.018019064843750023 0.048813552777777776
1 0.3721989921875 0.4720708861111111 0.014586862499999987 0.03355931666666668
1 0.30698713984375 0.4980030840277777 0.054057193750000024 0.08237286805555558
1 0.394937335546875 0.5002912194444444 0.06006354921875001 0.08084744166666663
1 0.353750904296875 0.48274884861111106 0.027457622656250003 0.057966088888888836
1 0.567834548828125 0.48046071319444444 0.030031775781249957 0.02288135416666661
1 0.615456361328125 0.4774098680555555 0.03603812890624995 0.025932202777777746
1 0.9020452910156249 0.4903759659722222 0.03775422890625002 0.02745762083333337
1 0.940228546484375 0.48579969444444443 0.023167367968749984 0.0335593166666666
1 0.8767327957031249 0.4835115604166666 0.02145126796875001 0.032033893055555596
1 0.8020823851562501 0.4812234263888889 0.04547668593749998 0.03050846944444443