1 0.08758084453125001 0.6214097875 0.1734545015625 0.2403778916666667
1 0.9350494914062499 0.5764906875 0.12838364687499998 0.10683461944444438
1 0.20572111484375002 0.5497820326388888 0.05736290624999998 0.08741014027777783
1 0.25830377890625 0.5570662118055556 0.08331279218750001 0.08741014305555553
1 0.816226328515625 0.5643503909722223 0.10926267890625 0.08741014027777783
2 0.250559916015625 0.49150860555555553 0.09514073671875001 0.07769790555555557
3 0.368932240234375 0.44173338333333334 0.10516532734375002 0.13354327222222218
1 0.302691741015625 0.5303575569444444 0.02185253515625001 0.024280594444444463
3 0.44063587265625 0.5145751715277778 0.038241937499999955 0.050989248611111135
0 0.599066755859375 0.5424978548611111 0.019120969531249976 0.09226625972222216
0 0.623650858203125 0.5327856173611111 0.021852535156250054 0.08741014027777776
0 0.6564296613281251 0.5400697944444444 0.019120969531250066 0.09712238055555554
0 0.6885255742187499 0.5546381527777778 0.023218318750000043 0.12140297777777778
0 0.683745331640625 0.5327856173611111 0.019120969531250066 0.08741014027777776
0 0.7260846187500001 0.5133611416666667 0.010926267187500028 0.07769790555555557
0 0.7458884796875 0.5218593493055556 0.025949885937500028 0.0752698458333333
4 0.5621906027343749 0.6007712826388889 0.021852535156250054 0.08741014305555553
1 0.368662462109375 0.6332808076388889 0.19643541171875004 0.2812498069444445