1 0.5605145121093751 0.14210532291666667 0.013647310156250026 0.05198975138888891
1 0.228105037109375 0.38905664375000004 0.22615542109374998 0.27207969861111114
1 0.49568978984375 0.36999373333333335 0.057513662500000076 0.08491659444444445
1 0.576598840625 0.3587292861111111 0.030219043750000018 0.04505778333333339
1 0.358241883203125 0.37779219375 0.07116097421874996 0.10397950694444442
1 0.40454525703125005 0.35699629374999997 0.04484115937499995 0.06931967083333335
1 0.440125742578125 0.3240694520833333 0.026319811718750065 0.031193851388888857
1 0.460109303515625 0.31280500625 0.019496158593750045 0.02252889305555554
1 0.522497005078125 0.31193850972222226 0.011697692968749961 0.02772786666666664
1 0.53468210234375 0.3214699638888889 0.01657173125 0.029460855555555554
4 0.729156269140625 0.3717267256944444 0.05069000703124997 0.05718872638888889
1 0.479849162890625 0.3188704763888889 0.015596925781250003 0.029460858333333364
1 0.494958683203125 0.3214699673611111 0.018521350781250057 0.027727870833333335