1 0.25492594257812506 0.5232807597222222 0.03601779609375 0.06758895000000006
1 0.26843261484375003 0.50549419375 0.019009393749999992 0.01778656527777779
1 0.32295955585937497 0.5134981486111111 0.01200593203125 0.016007908333333317
1 0.339967958203125 0.5197234465277778 0.012005930468750004 0.021343879166666666
1 0.3529743859375 0.5286167291666667 0.022010876562500004 0.028458505555555527
1 0.36798180078125 0.5134981486111111 0.01400692187499999 0.01956522222222227
1 0.386490944140625 0.5037155375 0.015007414843750011 0.024901191666666656
1 0.41750626953125 0.5206127749999999 0.019009392187499953 0.01956522222222227
1 0.41950725859375 0.5295060576388889 0.01900939218750004 0.030237162500000005
1 0.409502315234375 0.5419566527777778 0.025012358593750016 0.04802372499999995
1 0.37948748437499996 0.55974321875 0.06103015312499997 0.08359685694444442
1 0.30545090585937495 0.5295060576388888 0.03301631328124999 0.04446641527777781
1 0.142561019921875 0.6185563173611112 0.28475949921875 0.2968007819444445