1 0.3054509046875 0.39699614166666664 0.01500741562500001 0.0320158194444444
1 0.28243953671875 0.4103360652777778 0.043021256249999994 0.06936760555555557
0 0.354475126953125 0.3969961423611111 0.01300642578125002 0.0498023847222222
0 0.382488968359375 0.3925495027777777 0.013006425781249975 0.044466413888888924
0 0.39749638320312497 0.3925495006944445 0.009004449218749988 0.05158104027777778
0 0.419007009765625 0.405889425 0.020009886718750015 0.07826088888888892
0 0.49354383906250004 0.36053368194444446 0.017008403125000005 0.03023716111111112
0 0.524058914453125 0.42047609722222223 0.026012853906249946 0.1415776888888889
0 0.5875903046875 0.4085574111111111 0.02701334687500001 0.12984192777777778
0 0.55907621640625 0.41300405138888896 0.02201087500000005 0.14940715277777777
0 0.543068306640625 0.4085574125 0.020009885156250018 0.1476284972222222
0 0.06883185585937499 0.28369558958333335 0.016012191406249997 0.027391565277777807
3 0.0605204859375 0.4384998479166667 0.12067843125000002 0.2976250930555555