1 0.1652811453125 0.6178658104166665 0.3085248046875 0.2546553902777778
1 0.3111264625 0.5601874625 0.054175487499999966 0.09304716111111115
1 0.48038660703125 0.54957681875 0.015609885937499967 0.048972190277777765
1 0.53456209375 0.54549580625 0.030301543750000003 0.05060459861111105
1 0.63725063828125 0.5503930236111111 0.01469165625000004 0.04081015833333331
1 0.657451666796875 0.54876061875 0.027546857031250038 0.06039903749999998
1 0.684998523828125 0.5561064472222222 0.05509371484374999 0.07182588055555554
1 0.72769615546875 0.5667170854166668 0.050502573437500066 0.11590084861111107
1 0.8031439535156251 0.5707981027777778 0.16160823046874997 0.2285368888888889
1 0.8909003851562499 0.5985490243055556 0.21652703281249996 0.2840387319444445
1 0.585217680859375 0.5710701798611112 0.07713120234375 0.11916567083333333
1 0.4259050203125 0.5522975083333334 0.0982504578125 0.133857325
1 0.50738688125 0.5505873611111112 0.04223851406249999 0.06203144166666661