1 0.43529539648437493 0.4602757166666666 0.014350397656250014 0.027637802777777724
1 0.43290366328124996 0.4624017006944445 0.014350398437500012 0.03188977083333329
1 0.42094499843750005 0.4613387090277778 0.023917329687499933 0.04251969305555552
1 0.419151198828125 0.46240170416666665 0.02272146328124993 0.04039371111111107
1 0.413171866796875 0.4666536722222222 0.02272146328125002 0.04464568333333329
1 0.396429736328125 0.4687796569444444 0.03468013046875003 0.05740158888888887
1 0.38447107109375 0.47303162638888885 0.037071860937500034 0.06590552777777776
1 0.359357875 0.48472454375000007 0.051422259375 0.08929136250000001
1 0.307218107421875 0.4911024986111111 0.09686518203125001 0.12755909166666662
1 0.271342112890625 0.5176773083333334 0.10164864921875001 0.1296850722222222
1 0.473682715234375 0.45389776319444447 0.010762797656249923 0.014881895833333342
1 0.4784661828125 0.45708674097222224 0.013154531249999924 0.021259851388888824
1 0.492816580859375 0.45602374861111106 0.02272146328124993 0.04464568333333329
1 0.482651715234375 0.45921272499999993 0.00956693203124992 0.025511819444444386
1 0.4629199191406251 0.46027571736111117 0.008371064843750008 0.019133862499999942
1 0.501785579296875 0.4602757180555555 0.02391733046875002 0.05740159166666664
1 0.51733184375 0.4613387111111111 0.04065946093750004 0.06803151666666665
1 0.5310843078125 0.4730316270833334 0.04185532656250004 0.08291340972222222
1 0.563372702734375 0.48685052777777776 0.06338092265624998 0.12330712222222218
1 0.647202950390625 0.4921654916666667 0.16024610703125006 0.2274803805555556
1 0.8121926437500001 0.5828741722222222 0.352780609375 0.3550394694444445
1 0.4508416609375 0.45921272499999993 0.019133862500000022 0.025511819444444386
1 0.139517751171875 0.5477954215277778 0.24395676015625 0.27212605972222226
1 0.9281916910156252 0.7189372034722222 0.13991637578125005 0.48685052916666666