1 0.4608153453125 0.4343798402777777 0.010926268750000023 0.016996416666666646
1 0.45262064414062503 0.4295237208333333 0.010926267968749936 0.016996413888888878
1 0.4396457007812501 0.4270956631944445 0.012292051562500017 0.016996415277777763
1 0.42735364921874996 0.4489481986111111 0.023218318749999956 0.031564774999999975
2 0.388428819921875 0.43923595833333334 0.027315667968750023 0.05584536944444444
1 0.38023411953124997 0.45501834583333334 0.02458410312499999 0.04370506944444443
1 0.356332908984375 0.45866043749999996 0.02868145234374997 0.0364208916666667
1 0.335163264453125 0.45744640763888894 0.021852536718750003 0.0388489513888889
1 0.31809097109374995 0.45987446736111115 0.020486751562500016 0.04370507083333332
1 0.30101867734375 0.4683726756944444 0.03277880312499999 0.05584536805555555
1 0.270425128125 0.4657827458333333 0.0382419375 0.06070148611111116
1 0.21852535624999997 0.4678061298611111 0.07648387499999998 0.08255402361111118
1 0.47256108203125 0.45445180486111114 0.021852535937499962 0.03156477638888894
1 0.5142174789062499 0.4556658319444444 0.023218318749999956 0.038848952777777786
1 0.547679173046875 0.46537806944444443 0.049168203906249985 0.05827342777777776
1 0.745262523828125 0.46699678541666667 0.07102074140625003 0.07284178472222227
1 0.62234201015625 0.45607051666666665 0.03551037031249997 0.03642089444444447
0 0.68374533125 0.45872980347222225 0.019120968750000068 0.06555760694444437