1 0.14471085976562498 0.5252314972222222 0.009360561718750016 0.014560872222222245
1 0.15173128046875 0.5283516840277778 0.011700701562500004 0.008320498611111147
1 0.15524149140625002 0.5377122451388888 0.011700701562499981 0.014560873611111053
1 0.174547648828125 0.535632120138889 0.01287077109375001 0.010400623611111114
1 0.164602052734375 0.5397923701388889 0.011700700781250007 0.01456087361111113
1 0.16811226328125 0.5501929951388889 0.014040842187500013 0.01456087361111113
1 0.189173525 0.5387523076388889 0.011700701562500004 0.012480748611111083
1 0.20789464804687502 0.5512330555555555 0.014040841406250015 0.012480747222222277
1 0.229540946484375 0.5553933069444444 0.010530630468749979 0.012480747222222277
1 0.22076542031250002 0.5553933069444444 0.011700701562500004 0.012480747222222277
1 0.23305115703124998 0.5647538666666667 0.015210912499999996 0.014560874999999937
1 0.23305115742187504 0.5366721826388889 0.012870772656249984 0.0166409986111111
1 0.25352738554687504 0.5387523076388889 0.011700700781250007 0.012480748611111083
1 0.264058016015625 0.5429125569444444 0.014040841406249971 0.012480747222222198
1 0.265813122265625 0.5553933069444444 0.012870772656249984 0.012480747222222277
1 0.289214525 0.5470728069444445 0.01287077187500003 0.012480747222222198
1 0.273418578515625 0.5595535548611111 0.011700700781250007 0.012480748611111083
1 0.28687438476562505 0.5595535548611111 0.017551052343750005 0.012480748611111083
1 0.30501047265625003 0.5553933069444444 0.011700701562500004 0.012480747222222277
1 0.30501047226562494 0.5678740527777778 0.014040841406250015 0.02080124722222223
1 0.266983191796875 0.5730743659722222 0.008190491406249967 0.018721123611111067
1 0.19385380625 0.5678740527777778 0.01404084218749999 0.02080124722222223
1 0.129499946875 0.5699541791666667 0.021061264062499994 0.02080124722222223
0 0.1458809296875 0.5553933069444444 0.011700701562500004 0.012480747222222277
1 0.34069761249999997 0.5657939291666666 0.012870771874999987 0.016640999999999986
1 0.37053440117187497 0.5730743652777778 0.014040841406250015 0.027041619444444442
1 0.29447984101562497 0.5709942416666667 0.009360561718749993 0.01872112222222218
1 0.19326877109375 0.5262715590277778 0.01053063125 0.012480748611111083
1 0.20555450859375002 0.533551995138889 0.014040842187500013 0.018721120833333375
1 0.25118724492187494 0.5761945527777779 0.02106126328125 0.03744224722222222
1 0.218425280078125 0.5793147395833333 0.04446266640624998 0.04368262083333331
1 0.280438998046875 0.5793147409722222 0.02340140390624996 0.031201873611111115
1 0.323146559765625 0.5751544895833334 0.026911613281250003 0.03536212083333328
1 0.39042559453125003 0.5741144284722223 0.02808168437499998 0.04160249583333334
1 0.161676877734375 0.5803548020833333 0.050313017968750005 0.045762745833333285
1 0.066901193359375 0.5959557381944445 0.13221792890625 0.1185671097222222