1 0.4253004671875 0.4889226020833334 0.03788741093749994 0.07801177083333334
1 0.24704245195312505 0.51729193125 0.043513158593750004 0.062384456944444444
1 0.158261571484375 0.5453649375 0.06526973984375 0.0786044166666667
1 0.087026319140625 0.5628325854166667 0.10246647265625 0.10355819861111115
1 0.542159926953125 0.47674203611111116 0.040004030468749986 0.07111828611111114
1 0.5565473433593751 0.4817327902777778 0.026669355468749954 0.06862290277777774
1 0.589533125 0.48110894513888885 0.04912776093750004 0.08234748194444445
1 0.6179570453125001 0.48984276875000005 0.06526973906249997 0.07985210416666667
1 0.664277504296875 0.49046661597222224 0.06807703984374998 0.09856744583333336
3 0.8130459570312499 0.35069003402777776 0.25800072656249995 0.2463894152777778
1 0.4772411015625 0.5255890569444445 0.11650297343750005 0.16219959166666667
1 0.021405667187499998 0.5776800784722221 0.042811334374999996 0.12726429305555556
1 0.8304346093749999 0.5246532909722222 0.33757789687499995 0.28447312916666667
1 0.36565090390625 0.5003233513888888 0.023862056249999996 0.027449161111111113
1 0.29511747539062505 0.510304863888889 0.06667338984374997 0.08983361944444444
1 0.38460018203125 0.5021628708333333 0.012632853125 0.03112820000000001
1 0.39881555703125005 0.49343764791666667 0.015302275000000032 0.022103287499999957