1 0.35775447890625 0.5956292513888889 0.009748079687500022 0.022528891666666655
1 0.348981208203125 0.5982287381944444 0.007798461718750005 0.024261881944444497
1 0.34264495703125003 0.6008282270833333 0.01267250312499999 0.02946085972222221
1 0.332896878515625 0.6086266881944444 0.018521349218749972 0.038125818055555524
1 0.321199185546875 0.6250901118055555 0.016571732031249998 0.03639282638888888
1 0.307551875390625 0.6268231020833334 0.016571733593749992 0.032926845833333274
1 0.2802572546875 0.6424200284722222 0.039967121875 0.05025675972222222
1 0.251500424609375 0.6562839625 0.02534500546874998 0.03639282777777776
1 0.22225618906250003 0.6562839618055556 0.037042698437499987 0.046790776388888844
1 0.39528458125 0.6094931847222222 0.006823654687500014 0.01906290833333336
1 0.39869640937499995 0.6164251534722223 0.009748079687499977 0.019062909722222247
1 0.40503266015624995 0.6242236125 0.010722885937499971 0.02079590000000001
1 0.411856314453125 0.6372210534722222 0.018521347656250065 0.04332479305555555
1 0.4255036234375 0.6398205409722222 0.014622117187500016 0.04852376805555557
1 0.44110055078125 0.6450195152777778 0.02826942812500004 0.048523769444444455
1 0.59414538203125 0.6744803736111111 0.17838983593749996 0.1525032694444445
1 0.46888257499999997 0.6519514847222223 0.05458923906250002 0.0589217194444445
1 0.174490604296875 0.6675484090277778 0.06823654921875 0.07278565416666664
1 0.8334607093749999 0.754197995138889 0.33143466874999994 0.48870366527777775