1 0.5404640234375 0.4177320326388889 0.009742260937500014 0.024742287499999963
1 0.502538763671875 0.40845368749999994 0.015077322656249947 0.02268041666666668
1 0.484445969140625 0.41154645624999997 0.012757732031250057 0.02061855972222225
1 0.46994854414062504 0.41154645624999997 0.013917525781250006 0.02061855972222225
1 0.43805421054687504 0.42288666458333335 0.024355674218749977 0.04329897638888893
1 0.42413668359375 0.4156701673611112 0.01043814531249998 0.016494848611111085
1 0.523067096875 0.42371140972222227 0.02783505625 0.043298975000000045
1 0.45753873398437506 0.4134021291666667 0.012757733593749964 0.018556702777777823
1 0.57989700234375 0.40206192152777775 0.009278353125000027 0.022680415277777793
1 0.0948431265625 0.45123130277777773 0.05515014687500001 0.04967894722222223
1 0.14140797890624998 0.45113410069444443 0.030328420312499983 0.057731968055555506
1 0.17222941015624998 0.4459794625 0.0313144375 0.0639175361111111
1 0.21572168515625 0.44082482013888896 0.03479382031249998 0.06185568194444444
1 0.25527066796875 0.43876296527777775 0.04523196562499998 0.04536083333333336
1 0.29528356093749997 0.4222681152777778 0.009278351562499986 0.024742272222222222
1 0.31778356796875 0.41917533333333334 0.021804132812499998 0.026804127777777846
1 0.36637893671875 0.41917533333333334 0.01043814531249998 0.0226804166666666
1 0.33680418906250004 0.4202062604166667 0.01623711562500003 0.02061856249999994
3 0.5462629765625 0.3995877 0.011597939062499929 0.020618558333333366
3 0.52932997734375 0.3938144979166667 0.013917528125 0.028865984722222276
1 0.37983253671875 0.4072165638888889 0.01739690937499998 0.026804130555555538