0 0.050797216796875 0.440816525 0.030133942968750004 0.1469388416666667
1 0.4864479234375 0.42295938888888884 0.013775517187499985 0.018367355555555537
1 0.5049587734375001 0.41913285624999996 0.03013394218750003 0.04132655138888887
1 0.508402652734375 0.4306124541666667 0.016358425781249953 0.03979593611111112
1 0.52217816796875 0.4329083729166667 0.023246184375000034 0.04132654861111117
1 0.54198047265625 0.4375002118055556 0.04218751874999995 0.0719388069444444
1 0.576419263671875 0.4505104222222222 0.05940691484374998 0.09489800277777773
1 0.45674446523437506 0.42295938888888884 0.016358425781249953 0.018367355555555537
1 0.619515571875 0.47154038680555554 0.09126279687499998 0.10867351805555556
1 0.41950752265624996 0.41670937083333337 0.027551032812500063 0.045918388888888884
1 0.3928174609375 0.4197705972222222 0.03616073124999999 0.05816329166666666
1 0.36957127500000003 0.42971958125 0.020663275000000026 0.050510229166666594
1 0.35149091015625 0.43660734027777776 0.030994912500000017 0.06122451666666662
1 0.266716135546875 0.4633384125 0.14378195234375 0.16530619722222215
1 0.24476140703125 0.37915470277777785 0.05682400625000002 0.03061225833333331
1 0.14273648984375 0.4633384125 0.112787040625 0.11020413055555561