1 0.47999064921874995 0.44005121805555547 0.012914546874999999 0.016836741666666672
1 0.48816986210937496 0.4423471375 0.00860969765624997 0.021428580555555576
1 0.49850149921875 0.44540836250000004 0.015497456249999963 0.027551030555555578
1 0.504958772265625 0.4469389763888889 0.011192607031250024 0.02755103333333327
1 0.5204562296875 0.4461736701388888 0.019802307812499986 0.04132655138888887
1 0.5266265285156251 0.4522961236111111 0.01894133359375001 0.03520410277777775
1 0.5395410765624999 0.4538267326388889 0.01205357812500001 0.041326545833333325
1 0.549872712890625 0.4599491861111111 0.01894133359375001 0.04438777500000002
1 0.5645091996093751 0.46377571805555556 0.02927297421874995 0.04591838611111111
1 0.593782170703125 0.46683694374999996 0.029272969531250047 0.05816329027777777
1 0.609423113671875 0.4716838930555555 0.03357782109374998 0.06173473611111109
1 0.627933963671875 0.4772961479166667 0.04132654765625006 0.06887758194444445
1 0.66380769609375 0.48265329236111115 0.07232146093749998 0.08265309861111116
1 0.730676366015625 0.49719411666666663 0.09642861484375001 0.09336738888888886
1 0.833275281640625 0.5275512652777777 0.13689419453124999 0.1377551638888889
1 0.32178745312499996 0.43316345833333336 0.009470667187500004 0.02602041944444448
1 0.290792541015625 0.4377552993055556 0.035299760156250005 0.0260204180555556
1 0.25721472031250003 0.4346940729166667 0.031855884375 0.032142870833333365
1 0.22621980859375 0.4339287666666667 0.03702170156250002 0.03979593611111112
1 0.22363689882812504 0.43545937916666666 0.016358425781249998 0.03979593611111112
1 0.20555653515625 0.4392859118055556 0.02841200468749998 0.0413265486111111
1 0.193502955859375 0.43928591111111104 0.023246182031249972 0.04438777499999994
1 0.162938530078125 0.43928591111111104 0.03788267109375001 0.05357145277777775
1 0.141629527734375 0.440816525 0.031855882031250005 0.05357145277777783
1 0.09728958437499999 0.44005121805555547 0.07059952187499999 0.061224516666666694
1 0.052519157421875004 0.4438777506944444 0.02582909765625 0.059693904166666714
1 0.031425396484375 0.4438777513888889 0.04218751953125 0.07193880833333337
1 0.01894133515625 0.4545920402777778 0.0378826703125 0.07193880555555551
1 0.9382418125 0.5552298416666667 0.11967480000000012 0.19591845555555554
1 0.430915372265625 0.43584203055555554 0.012914547656249997 0.018367355555555617
1 0.459327375 0.4366073381944444 0.009470668750000045 0.013775515277777749