1 0.500589192578125 0.5924044527777778 0.014958721093750071 0.020336038888888828
1 0.5089484773437499 0.5939687638888889 0.010559096874999962 0.023464661111111063
1 0.5665835496093751 0.6010081618055556 0.01847841953125 0.03441483472222215
1 0.533586371484375 0.6025724729166667 0.05103563671874998 0.08760139861111113
1 0.47551133671874996 0.5877115208333333 0.010559096874999962 0.020336038888888908
1 0.4667120890625 0.5869293666666667 0.010559096875000052 0.01877173055555556
1 0.447793706640625 0.5892758319444444 0.014958721093749983 0.023464661111111142
1 0.35232187460937503 0.5931866090277778 0.04223638828124998 0.0469293208333334
1 0.310525448046875 0.5916222979166667 0.03431706484374999 0.06257242638888888
1 0.253770301171875 0.5900579874999999 0.08447277734374996 0.06882966944444446
1 0.208014213671875 0.60022600625 0.06335458359375001 0.0641367375
1 0.16841759921875 0.5892758319444444 0.036956840625 0.039107766666666696
1 0.11210241406249999 0.5525145312499999 0.03343714062500001 0.03441483472222215
1 0.134100533203125 0.6096118701388888 0.07743337890624999 0.07977984305555563
1 0.039508621484375 0.6111761819444445 0.025517819531249996 0.06726536111111112
1 0.013550841796875 0.6424623951388889 0.02639774296875 0.04223639027777782
1 0.74116064453125 0.6096118715277777 0.12582924218749997 0.1767671097222223
1 0.8713612124999999 0.6133215472222222 0.25429825624999997 0.28001161388888895
0 0.5915451378906249 0.5898568625 0.009679172656249957 0.04223638888888885