1 0.40235906875000005 0.5672178152777778 0.01837197812500002 0.019596777777777734
1 0.47278498515624995 0.5639516854166666 0.017147179687499924 0.02177419583333331
1 0.5499472917968751 0.5650403958333333 0.024495971093749968 0.02395161666666665
1 0.366240056640625 0.5987136208333333 0.012273080468749998 0.04339483333333334
1 0.34785553281250003 0.6053226583333333 0.026945568749999982 0.03483871388888894
1 0.32458436054687495 0.6031452395833333 0.02204637265625 0.06532259027777777
1 0.285390807421875 0.6096774979166667 0.06858871796875002 0.07838710694444444
1 0.06479570078124999 0.6723881298611111 0.12764178593750003 0.17332449305555547
1 0.4899321636718749 0.5922581395833333 0.024495971093749968 0.05225807083333333
1 0.502180148828125 0.6053226576388889 0.03184476171875002 0.060967748611111164
1 0.542598502734375 0.618387176388889 0.06858871796874996 0.091451625
1 0.821852568359375 0.7708065500000001 0.35274198046875005 0.4529032833333333
1 0.41380593046875 0.5718872694444445 0.008773270312499993 0.010397949999999965