0 0.868028483984375 0.65207605625 0.021491764843750084 0.1171699152777778
0 0.08931021445312501 0.5845759958333333 0.031521253906250005 0.12990577499999997
0 0.33899918046875 0.6117777354166667 0.0208279734375 0.1129884375
0 0.799254837890625 0.6342458527777778 0.015760627343750055 0.07132081944444447
1 0.2606745640625 0.6290277958333333 0.1530146703125 0.14576401666666672
1 0.58648636796875 0.5934910993055555 0.017193412499999994 0.015283031944444442
1 0.595799466015625 0.6164156479166667 0.015760627343749965 0.04075475416666663
1 0.61800762265625 0.6215099916666667 0.03438682343749999 0.06113213055555554
1 0.650245269140625 0.6164156486111111 0.035819607031249937 0.06113213055555562
1 0.5556815054687501 0.6266043361111111 0.07307199999999998 0.09679253888888889
1 0.49908652539062504 0.6024062013888889 0.02579011796874999 0.03820758055555555
0 0.42661202929687503 0.5974082375 0.007568516406249959 0.02691028055555557
0 0.40806916875 0.6032387777777777 0.006307096874999996 0.04485046666666671