1 0.38148140507812506 0.35291348333333333 0.05740158984375001 0.05527560555555553
1 0.4101822011718751 0.33590560416666665 0.026309061718750026 0.03401575555555559
1 0.43170779609375 0.3284646583333333 0.009566931250000011 0.023385833333333356
1 0.45502719296875 0.3103937868055555 0.02750492812500003 0.02551182083333331
1 0.45263546054687503 0.3624804145833333 0.058597458593749964 0.08291340972222222
1 0.47954245546875 0.3242126888888889 0.011958665625000009 0.014881894444444457
1 0.498676319921875 0.3327166263888889 0.011958664843750012 0.019133863888888904
1 0.5142225843749999 0.34015757430555554 0.028700795312499937 0.029763787500000027
1 0.562057241796875 0.3646064027777778 0.06696852109375007 0.07440946944444443
1 0.4926969875 0.28594496319444446 0.009566931250000011 0.014881895833333342
1 0.666097625390625 0.3507874993055556 0.03826772734375004 0.03826772638888893
1 0.6924066878906251 0.35929143958333326 0.03587599453125003 0.055275606944444416
1 0.90940020546875 0.3550394673611111 0.021398974999999966 0.042519695833333294
4 0.961200112890625 0.4507087847222222 0.05651967109374993 0.1360630305555556
1 0.76097084453125 0.35792039513888896 0.052114006249999976 0.04273110972222227
1 0.804895506640625 0.34979014305555556 0.029779432031249976 0.03176472777777776
1 0.8905113738281252 0.35810948541666665 0.013400744531250019 0.04235297083333332