1 0.428428048046875 0.45265743263888886 0.010722886718749968 0.020795901388888892
1 0.4177051625 0.45612341805555556 0.01657173437499999 0.017329916666666632
1 0.40746967968750003 0.4543904243055555 0.011697693750000049 0.020795901388888892
1 0.39869640898437503 0.4561234152777778 0.015596924218750008 0.02079590000000001
1 0.389435734375 0.4587229034722222 0.012672501562499994 0.02946085972222221
1 0.380662462890625 0.4561234173611111 0.016571733593749992 0.031193851388888857
1 0.370914385546875 0.4595893993055556 0.018521349218750018 0.034659834722222234
1 0.35288043984375 0.4595894 0.025345004687499985 0.03812581666666664
1 0.33240947421875 0.4630553840277778 0.025345004687499985 0.034659837500000006
1 0.31388812578124997 0.4604558958333333 0.01754654062500003 0.03985880833333329
1 0.28659350703125 0.4639218770833333 0.03899231406250001 0.05718872638888889
1 0.148170791796875 0.49424923333333337 0.10917847890625003 0.07971761944444443
1 0.45036122343749996 0.45525692222222225 0.013647310937500023 0.015596924999999985
1 0.4913031546875001 0.4561234152777778 0.01169769374999996 0.02079590000000001
1 0.75206425234375 0.46132239444444445 0.04386635312500005 0.055455733333333354
1 0.477655843359375 0.46132239375 0.023395388281250006 0.027727868055555563
1 0.5385813335937499 0.46825435972222224 0.036067889062499955 0.04159180000000002
3 0.678254306640625 0.46478837638888887 0.12130008203124998 0.15943523888888886
3 0.080909051171875 0.50031470625 0.16181810234375 0.4211169902777778
0 0.784232911328125 0.4864507715277778 0.02242058046874993 0.09184855972222224
0 0.7964180109375001 0.4777858159722222 0.015596924999999918 0.09184855972222215
1 0.8356635574218749 0.46305538333333335 0.05018354140624996 0.04505778333333331
1 0.8968232179687501 0.46354940277777784 0.04679077656249984 0.06833162500000003