1 0.8860707156250001 0.4121052652777778 0.08393092187500013 0.07815789444444445
1 0.560338806640625 0.45029605624999997 0.031973685156249945 0.023092106944444486
1 0.468514394140625 0.4618421090277778 0.04696134921875004 0.04973684305555553
1 0.26967804414062496 0.47161184444444443 0.02497944140624999 0.03730263055555562
1 0.20223355390625 0.48315789861111114 0.027976973437499986 0.03907894722222222
1 0.168611226171875 0.48226973819444446 0.03497121796875 0.04618420972222223
1 0.129143709765625 0.4920394770833334 0.03996710546875 0.055065790277777735
1 0.082182360546875 0.48759868680555557 0.04596217109374999 0.07460526249999996
1 0.027602266406250003 0.5052349625 0.0539555921875 0.06749999999999995
1 0.2444238140625 0.47503758611111113 0.02597861874999996 0.035526313888888855
1 0.382310328125 0.4590507444444444 0.033972039062500015 0.046184211111111116
1 0.422777022265625 0.4599389027777778 0.034971216406249984 0.044407894444444436
1 0.519197664453125 0.4599389020833333 0.05595394765625006 0.08348684305555554
1 0.32673108710937504 0.47309211249999994 0.013988486718749993 0.021315788888888913