1 0.5138770472656249 0.4485197402777778 0.02298108671875001 0.030197369444444493
1 0.47840623984375 0.4449671090277778 0.021981909374999997 0.030197368055555528
0 0.359504101953125 0.4316447381944444 0.011990132031250012 0.09592105138888887
0 0.348013558984375 0.42453947569444445 0.014987664843750003 0.09947368472222225
0 0.32503247343749997 0.43342105625 0.01698602031249998 0.09236842083333335
4 0.03826849140625 0.45473684583333335 0.058951479687499996 0.09947368611111106
1 0.07973436328125001 0.42631579236111117 0.0539555921875 0.042631579166666635
1 0.126405735546875 0.4209002826388889 0.03055528203125 0.024695298611111128
5 0.64397986484375 0.47884719513888885 0.053375865624999984 0.15835228194444445
4 0.7726640546875 0.5026973715277778 0.06294819062499997 0.13144736805555557
4 0.675541837109375 0.5181645263888888 0.056538855468749996 0.16290122222222223
1 0.022907984375000003 0.42458297291666663 0.045815968750000005 0.038125818055555524
1 0.190574933984375 0.42371647708333326 0.020470964843749995 0.029460859722222288