3 0.47069011523437504 0.38270390277777777 0.019118202343749946 0.0407854944444444
0 0.508161788671875 0.39833834444444444 0.00764728046875005 0.023111783333333354
0 0.4477482734375 0.39629906875 0.009176735937499991 0.029909362500000074
0 0.43665971679687504 0.3949395534722222 0.00994146484374996 0.03534742916666668
0 0.43360080390625005 0.39629906944444443 0.009941462500000053 0.03262839722222218
1 0.4882788609375 0.39385193611111113 0.008412009375000019 0.014954683333333366
1 0.49401432031250003 0.3965709673611111 0.009176735937499991 0.020392745833333316
1 0.50204396484375 0.39861024375000004 0.013000378125000012 0.021752265277777776
1 0.380452204296875 0.42688819027777775 0.09788518984375005 0.16993956666666665
1 0.130687842578125 0.38884828125 0.09023791015625 0.09244712361111114
5 0.319958033984375 0.4112803048611111 0.037471674218750015 0.06117824305555557
1 0.502732215234375 0.39806644513888884 0.01070619140625002 0.021752265277777776
3 0.5509100828125 0.3681570840277778 0.05964878750000002 0.09244712638888887
1 0.5384811636718749 0.42064769375 0.026387296093750033 0.047284626388888834
1 0.56543991640625 0.43137460138888883 0.05047205156250003 0.07205437777777782
3 0.189954265234375 0.5112047694444445 0.34183343828124996 0.43776432222222234
2 0.7984632421875 0.4407099395833333 0.400575015625 0.8814198791666666