1 0.428946946875 0.6510197402777778 0.010990953125000046 0.019539474999999997
1 0.421453114453125 0.6590131611111111 0.005995064843749986 0.01776315833333331
1 0.41445887109374996 0.6687828979166668 0.009991775000000036 0.01953947361111111
1 0.40546627265624996 0.6750000027777777 0.009991776562500032 0.017763155555555618
1 0.336523016015625 0.6918750034722223 0.027976974218749985 0.04085526249999995
1 0.483402128125 0.6448026347222222 0.01398848749999999 0.01776315833333331
1 0.48639966093750003 0.6634539506944445 0.011990131250000058 0.02664473750000001
1 0.49938897070312505 0.6607894770833334 0.017985197656250042 0.03552631527777782
1 0.5108795132812499 0.6705592131944443 0.018984375000000053 0.030197368055555528
1 0.522370055859375 0.6980921090277779 0.02597861796875005 0.05328947361111105
1 0.54185401953125 0.7158552666666667 0.03497121718750007 0.06749999999999995
1 0.558340450390625 0.7256250034722223 0.049958882031249985 0.06927631527777768
3 0.216122110546875 0.7442763194444445 0.08892681015625001 0.12078947499999997
1 0.291560022265625 0.7176315833333333 0.05195723671875001 0.06750000277777772
1 0.5858178359374999 0.7451644777777777 0.06694490312500001 0.09059210555555555
1 0.14268255390625 0.8073355305555556 0.10791118437500002 0.10124999999999997
1 0.36150245703125 0.6847697402777778 0.0219819078125 0.030197369444444414
1 0.37748929921874996 0.675888161111111 0.009991776562499988 0.019539472222222225
1 0.388480253125 0.6687828986111111 0.009991776562499988 0.02309210555555552
0 0.029775481640625 0.8286513208333334 0.03397203984375 0.11546052777777775
1 0.9565127394531249 0.801118425 0.08692845390625 0.07460526388888884
1 0.459421865234375 0.6741118444444445 0.02198190859375 0.019539472222222225