1 0.20617185898437498 0.5814187236111111 0.17449060390624999 0.17503216388888893
1 0.31681255 0.5519578645833333 0.083833475 0.12997437916666674
1 0.3748136171875 0.5415599145833333 0.043866353125 0.09531454583333338
1 0.40893189140624997 0.5372274347222222 0.04191673750000002 0.06931966944444438
1 0.43476429921875004 0.5250964930555556 0.04094192968749999 0.06585368611111109
1 0.4610841109375 0.5216305083333334 0.02144577187500003 0.04852376666666668
1 0.48058026835937506 0.5146985416666666 0.023395388281250006 0.03812581666666664
1 0.5010512328125001 0.5094995673611111 0.017546540624999985 0.027727868055555563
1 0.513723734765625 0.5112325576388889 0.007798463281250001 0.02426188472222227
1 0.522984409765625 0.5094995673611111 0.012672502343749947 0.027727868055555563
1 0.5341946996093749 0.5034340965277778 0.00974807890624998 0.015596926388888871
1 0.644347985546875 0.5008346083333333 0.04874039140625008 0.06585368333333332
1 0.6165659625 0.4999681125 0.016571732812499997 0.036392825
1 0.6058430757812501 0.49823512152777777 0.012672501562499949 0.0329268430555555
1 0.5926831707031249 0.49823512152777777 0.011697692968750052 0.02252889305555562
1 0.573674417578125 0.5051670875000001 0.02047096484375004 0.022528891666666735