1 0.574813159375 0.5293702270833334 0.03109252812500003 0.029763787500000027
1 0.5371433628906249 0.5378741645833333 0.013154530468750014 0.02976378749999995
1 0.516215700390625 0.5453151097222223 0.04065946015624995 0.0744094722222222
1 0.45223684570312495 0.5835828375 0.11839078046874998 0.17220477222222222
1 0.37031998984375003 0.5729529138888889 0.06936025625000002 0.09141735000000001
1 0.3067397515625 0.5729529145833333 0.07055612500000001 0.0786614375
1 0.18396412890625 0.58996079375 0.10404038281250001 0.08716538194444452
1 0.033484260937499996 0.6409844284722223 0.06696852187499999 0.1594488597222223
3 0.6196581699218751 0.5112993548611111 0.06577265546875007 0.1509449236111111
1 0.5532875515625 0.5329135277777778 0.019133860937500025 0.021259847222222246
3 0.7637600507812501 0.4510631118055556 0.23438982968750005 0.38905522638888895
1 0.86959423515625 0.6849214444444445 0.25711129218749995 0.6186615861111111