1 0.650196833984375 0.5900836819444445 0.03996712109375 0.03985880833333337
1 0.45913449570312503 0.5753532548611111 0.010722886718749968 0.027727868055555563
1 0.41916737265625004 0.5666882930555556 0.010722885937499971 0.017329916666666712
1 0.376275828515625 0.5805522284722222 0.015596925781250003 0.027727868055555563
1 0.35677967109375003 0.5866176999999999 0.027294620312500007 0.043324794444444516
1 0.32607322421875 0.5727537666666667 0.02631981250000002 0.022528891666666655
1 0.300728220703125 0.5753532527777778 0.018521349218749972 0.024261883333333383
1 0.285618698046875 0.5874841951388889 0.017546541406250026 0.031193851388888937
1 0.27002177226562496 0.5900836819444444 0.019496157031250006 0.036392825
1 0.25345003984375 0.5900836833333334 0.02339538750000001 0.04332479444444443
1 0.232491672265625 0.5918166743055555 0.026319811718749975 0.05025675972222222
1 0.20665926250000002 0.5770862444444445 0.015596925000000029 0.017329916666666632
1 0.192037144921875 0.5727537659722223 0.017546541406250005 0.019062909722222247
1 0.198860801171875 0.6030811208333333 0.029244235156249986 0.03812581666666664
1 0.1662047375 0.6100130888888889 0.047765584375 0.05198975277777775
3 0.13111165546875 0.559756326388889 0.09065712968749999 0.06931966944444447
1 0.061412894531250005 0.6053195777777778 0.0487403921875 0.05184531944444449
1 0.024370196093749998 0.6182447993055555 0.048740392187499995 0.07105265972222223
1 0.114539922265625 0.6199777902777778 0.06726174140624999 0.060654711111111065
1 0.33484649492187496 0.5991818888888889 0.030219042968749978 0.04332479444444443
1 0.40259563906249995 0.5801189791666667 0.02339538750000001 0.036392825
1 0.43476429921875004 0.5853179562499999 0.02339538750000001 0.032926843055555585
1 0.47262441210937495 0.5818519708333333 0.02892944765625005 0.036392825
1 0.942395484375 0.5996151368055556 0.08870751406250008 0.05545573472222224