1 0.47592740703125 0.4816402944444445 0.015820301562500028 0.028124980555555526
1 0.37111790820312496 0.47578092222222224 0.009228508593749973 0.021093736111111067
1 0.38232395625 0.4757809229166666 0.013183584375000024 0.03046872916666664
1 0.40737276601562505 0.4898434131944444 0.03427731953125002 0.06796870416666663
1 0.43769501171874997 0.5238277652777777 0.07910150781250005 0.11249992222222219
1 0.496361963671875 0.49453090902777774 0.03295896171874997 0.04921871527777778
1 0.5471187636718751 0.51679651875 0.07119135703125004 0.09374993472222223
3 0.600512282421875 0.4945309097222222 0.05405269765625 0.09609368333333335
1 0.3460690984375 0.47460904861111114 0.022412093749999994 0.028124980555555526
1 0.24653303320312497 0.48515591666666674 0.04218746953124999 0.04453121944444444
1 0.294653117578125 0.47929654513888886 0.014501942968749982 0.02343748194444441
1 0.0408691125 0.4957027854166667 0.081738225 0.08437494305555554
1 0.87407166484375 0.5718746076388889 0.2518064671875 0.23671858750000002