1 0.5006713109375001 0.5283535527777777 0.014345882812500044 0.028904297222222257
1 0.518842762890625 0.5241029201388889 0.020084238281250055 0.034005056944444494
1 0.53223225390625 0.5411054479166667 0.03729929531250002 0.051007581944444366
1 0.5790954707031251 0.5470563298611111 0.06407827734374996 0.10371541805555554
1 0.464806603125 0.48287179166666666 0.057383529687500004 0.07141061666666673
1 0.349083148828125 0.5372798791666666 0.06312188515625002 0.09521415833333333
1 0.25966047890625 0.5542824069444445 0.10807231874999998 0.1462217388888889
1 0.31082746171875 0.5151765923611111 0.021040628125000006 0.06460960694444443
1 0.435158444921875 0.5738353138888889 0.14345882734374998 0.19212856944444448
2 0.7316400406250001 0.4953808020833333 0.26013867500000004 0.38935789027777773
1 0.120710355859375 0.5704348069444444 0.24142071171875 0.29754423888888887
0 0.26437412460937504 0.5569542347222222 0.07651137421874998 0.2686399388888889
0 0.867890987890625 0.5890368555555555 0.05827004765625006 0.19872811111111113
0 0.93009141796875 0.5333935888888889 0.033473726562499986 0.10881617777777784
0 0.9640433406250001 0.5827009194444445 0.05547074687500011 0.20062983055555558