1 0.571751086328125 0.43080711666666666 0.010926267968750025 0.02913671388888888
1 0.5778971113281249 0.4332351770833333 0.01229205078124993 0.03399283472222218
1 0.584043137109375 0.4368772659722222 0.010926266406250029 0.03156477361111109
1 0.59565229609375 0.4368772659722222 0.023218318750000043 0.041277012499999995
1 0.6072614578125 0.4514456222222222 0.038241937499999955 0.05584536666666667
1 0.637991584765625 0.45265965277777775 0.03960772109374995 0.07284178611111108
1 0.659161227734375 0.4660139798611111 0.04643663828125 0.08498208194444443
1 0.699451840234375 0.47815427777777775 0.08604435859375004 0.09955043888888887
1 0.75544896328125 0.50122084375 0.10789689375 0.1311152152777778
1 0.8797352597656249 0.533999645138889 0.23628054140624996 0.23066565416666668
1 0.9609993761718749 0.6068414312499999 0.07648387421875 0.23066565416666668
1 0.52258288046875 0.4295930868055556 0.01365783437500001 0.012140295833333346
1 0.51643685546875 0.4332351784722222 0.012292051562499929 0.01456835694444444
1 0.504144804296875 0.43444920625 0.012292050781250018 0.021852534722222258
1 0.495267211328125 0.44173338472222223 0.008194700781250041 0.021852536111111064
1 0.48638961875 0.43687726527777776 0.009560484374999945 0.026708652777777786
1 0.478194917578125 0.43809129652777773 0.009560483593750035 0.03399283472222226
1 0.46931732617187494 0.4356632354166666 0.021852535156250054 0.0388489513888889
1 0.45224503203125 0.44294741458333325 0.025949885937500028 0.0388489513888889
1 0.44678189765625 0.4465895034722222 0.023218318749999956 0.03156477361111109
1 0.4358556296874999 0.4502315923611111 0.01502361875 0.03399283472222218
1 0.41263731132812503 0.44658950416666665 0.03414458671874998 0.05098925000000002
1 0.54784987578125 0.4660139798611111 0.05872868906250002 0.08498208194444443
1 0.25966956249999995 0.48058233611111106 0.10243376093749998 0.09469432222222222
1 0.045241557421875 0.49636472361111117 0.08877592578125 0.1893886416666667
4 0.362786214453125 0.47087009930555557 0.008194700781250041 0.021852534722222258