1 0.43165243242187507 0.574834786111111 0.015790411718749998 0.02424386111111111
1 0.335043840234375 0.5812147493055556 0.017225903906249986 0.019139893055555586
1 0.48368904062499996 0.5748347874999999 0.00933069843750003 0.019139891666666704
1 0.46466876953125 0.5767487777777778 0.011483935937500078 0.022967872222222258
1 0.45713243671875 0.5786627652777778 0.010766189062499976 0.019139891666666704
1 0.48978988046875005 0.576748775 0.007177459374999984 0.01275992777777775
1 0.535133473828125 0.5743562902777778 0.020348082031249957 0.025838852777777848
1 0.51864327734375 0.5754727819444445 0.018661395312499975 0.02296786944444441
1 0.49926413593749996 0.5767487777777778 0.018661395312499975 0.022967872222222258
1 0.47486077226562495 0.5761107791666666 0.017225903906250027 0.02424386388888888
1 0.447945297265625 0.5793007604166667 0.01650815859375001 0.022967870833333296
1 0.5921404402343751 0.5734311847222222 0.015790411718749998 0.015311911111111146
1 0.6036243757812499 0.5740691833333333 0.010048443749999959 0.016587908333333384
1 0.54028329296875 0.5770677743055556 0.020096887500000004 0.033175815277777805