1 0.02375144609375 0.5905661979166666 0.046406234375 0.11062495972222221
1 0.079649863671875 0.5858786993055555 0.06539060078124999 0.0599999791666667
1 0.21675919179687503 0.5774412069444443 0.05484373046875002 0.06562498055555553
1 0.299552130859375 0.560566207638889 0.03480467578125004 0.04687497916666664
1 0.3338294609375 0.5615037076388889 0.03374998749999998 0.03749998472222226
1 0.355977892578125 0.5521287138888888 0.014765621093749992 0.03749998888888892
1 0.3665247640625 0.5633787069444444 0.012656246874999999 0.01874998888888884
1 0.41345833984375 0.5568162097222222 0.020039056250000086 0.028124988888888917
1 0.38761850703125 0.5549412118055556 0.014765621875000034 0.028124990277777723
1 0.99158683984375 0.6742964097222223 0.015820303125000025 0.09609368611111103
1 0.451059865625 0.5648433625 0.018457018750000033 0.018749986111111068
1 0.137290551171875 0.5554683687499999 0.06328120703125 0.056249962500000014