1 0.46655999921875 0.46870302430555555 0.018171451562500086 0.027204043055555537
1 0.446953958984375 0.46190201388888885 0.01912784296875003 0.017002527777777804
1 0.427826116015625 0.4729536576388889 0.024866197656249957 0.042506320833333354
1 0.40439450703124996 0.4729536576388889 0.02390980468749997 0.04590682638888887
1 0.292656009765625 0.5027080805555555 0.042081257031250006 0.054408088888888845
1 0.242923615625 0.51801035625 0.05164517812499998 0.09521415694444445
1 0.524581115625 0.4650191347222222 0.01625866718750002 0.04250631944444447
1 0.538448802734375 0.46416900694444446 0.024866197656249957 0.06120909722222226
1 0.5580548414062501 0.4692697666666667 0.029648156250000036 0.06801011111111105
1 0.57861727421875 0.47352039861111117 0.04208125624999992 0.07651137499999999
1 0.621176726953125 0.4862722944444444 0.06790384609375 0.09861466111111107
1 0.6493902960937501 0.5066753284722222 0.07077302187500001 0.10201516805555555
1 0.12480918046875 0.6136212243055557 0.2496183609375 0.43356444583333337
1 0.35434330625 0.5021413395833333 0.09659561093749999 0.1428212347222222
1 0.7294084625 0.5250947513888888 0.15302275156250006 0.1411209805555556
1 0.487760016015625 0.46473577777777775 0.01912784296875003 0.017002527777777724