1 0.501530084765625 0.36760061388888887 0.013984805468749962 0.04972375555555553
1 0.5190110917968751 0.3588989548611112 0.02377416953124998 0.05220994305555556
1 0.5260034953125 0.37505917777777775 0.03496201562500003 0.07955800833333335
1 0.5371913390625 0.38127464375 0.03496201562499994 0.08701657083333332
1 0.5329958984375001 0.4645619368055555 0.0013984796874999539 0.019889504166666683
1 0.556070827734375 0.40240724305555553 0.05034530234375003 0.12430938888888893
1 0.636483462109375 0.40240724236111114 0.12726173515625003 0.1839778930555556
1 0.398741759765625 0.35144039374999997 0.015383286718749955 0.017403315277777765
1 0.46097414648437507 0.39015387638888893 0.08111187421875003 0.12679557500000002
1 0.318329126171875 0.3690212819444445 0.025172650781250017 0.08950275833333331
1 0.260991421484375 0.36529199791666667 0.09509668203125003 0.13674032361111113
1 0.151909934765625 0.4088002840277778 0.17061463359375 0.1541436402777778