1 0.3575150546875 0.4351073673611111 0.036035151562499965 0.05624999305555557
1 0.296870531640625 0.44526361597222225 0.07294920859375002 0.0828124902777778
1 0.20766155781249998 0.4702636138888888 0.10722654843749999 0.1484374833333333
1 0.084055390625 0.4812011111111111 0.16811078125 0.33281245833333334
1 0.382124426171875 0.42573236875000003 0.011425778906250007 0.015624998611111114
1 0.391792394921875 0.4319823673611111 0.013183591406250006 0.021874995833333345
1 0.40189981484375004 0.4397948659722222 0.014062498437500048 0.021874995833333345
1 0.41332559453125006 0.4390136173611111 0.010546873437500003 0.029687495833333345
1 0.42826699999999995 0.44838861597222224 0.02812499687499992 0.04843749305555557
1 0.475288477734375 0.4476073666666667 0.08525389609375003 0.09999998888888892
1 0.622944709765625 0.52338860625 0.22939450234374997 0.23281247083333334
1 0.825093121484375 0.5272948555555556 0.34716792578124994 0.3562499555555556