1 0.6365495234375 0.36219527083333336 0.044841160937499944 0.0866495861111111
1 0.39528458125 0.3500643284722222 0.03021904218749998 0.05198975138888891
1 0.36116630703124997 0.3587292868055556 0.043866353125 0.05892171805555557
1 0.33289687890624997 0.36999373333333335 0.03801750468750002 0.06412069444444449
1 0.277332832421875 0.371726725 0.07700982109374999 0.09184856111111112
1 0.54078057421875 0.4371941993055556 0.20033485625000003 0.2921031791666666
0 0.21250811015624999 0.3517973201388889 0.015596925000000006 0.05892171805555557
0 0.24467676953125 0.34486535347222225 0.009748078124999981 0.04505778472222224
0 0.855393884765625 0.36479475763888886 0.026319811718749975 0.1091784763888889
0 0.758400504296875 0.36132877569444444 0.015596925781250003 0.07798462916666662
0 0.737442135546875 0.37086022916666667 0.026319811718750065 0.12477540555555555
0 0.86124273125 0.33620039444444444 0.02242057968749993 0.0970475361111111
0 0.683340300390625 0.3327344118055555 0.013647310156249936 0.051989751388888866
0 0.7155089589843749 0.3232029576388889 0.015596925781250003 0.04332479583333332
0 0.986631909375 0.3448580576388889 0.02559774218750004 0.07277106249999998