1 0.5210463953125 0.3099822381944444 0.025949885937500028 0.029136712499999995
1 0.5243242761718749 0.3285164409722222 0.015023617968750003 0.026708654166666672
1 0.53866500234375 0.3333725590277778 0.019120968749999977 0.03156477361111109
1 0.598759476171875 0.35401106527777776 0.05736290546874993 0.07284178611111113
1 0.634952737890625 0.37100748194444444 0.07511809140625 0.07769790277777777
1 0.505203307421875 0.3297304701388889 0.017755185156249985 0.02428059583333331
1 0.4915454726562499 0.33337255972222224 0.017755185937499984 0.0364208916666667
1 0.4806192046875 0.35158300625 0.0314130203125 0.05341730972222223
1 0.4266707578125001 0.37950568958333325 0.1065311109375 0.1529677486111111
1 0.36521050117187503 0.36129524374999994 0.04916820546874998 0.08255402361111107
1 0.307164702734375 0.3685794229166667 0.08877592578125001 0.10683461805555557
1 0.028544874609375 0.42321076180555556 0.055997122656249995 0.1238310347222223
0 0.565980672265625 0.32171788333333334 0.010926267968750025 0.05098925000000002
0 0.5728095890624999 0.31807579444444445 0.013657835937500007 0.043705072222222245
0 0.550274161328125 0.32293191388888887 0.009560483593750035 0.04370506944444443
0 0.7018761273437499 0.34721250972222223 0.02048675156249997 0.09226626111111114
0 0.7278260136718749 0.3472125104166666 0.015023617968750003 0.0728417875
0 0.7442154152343751 0.35813877777777775 0.015023617968749913 0.06070148888888885
0 0.77357976015625 0.3472125090277778 0.019120968750000068 0.0874101430555556
0 0.7182655296875 0.35328265833333333 0.02048675156249997 0.08498208333333336