1 0.47902186640625005 0.674087725 0.06978039375000007 0.10763511666666671
1 0.230172668359375 0.6321282715277778 0.040021108593750035 0.05290539583333332
1 0.35177526640625 0.6047634118055555 0.020523645312499995 0.027364859722222214
1 0.2594188625 0.6266553 0.016418915624999995 0.04925674999999998
1 0.27378541367187503 0.6147971930555556 0.012314186718749998 0.04378377499999999
1 0.301492335546875 0.6111485458333333 0.03283783203124999 0.047432424999999986
1 0.3245814359375 0.6093242222222222 0.009235640624999996 0.029189183333333327
1 0.333303985546875 0.5983782777777777 0.016418916406249994 0.03648648055555555
1 0.36819418242187496 0.5965539541666667 0.012314186718749998 0.025540536111111106
1 0.7684052640625 0.7014525847222222 0.10672295468750007 0.1222297083333333
1 0.47389095507812506 0.5947296305555555 0.010261822656249997 0.014594594444444435
1 0.48517896015625006 0.5947296305555555 0.012314187499999995 0.014594594444444435
1 0.4923622359375 0.6002026020833333 0.012314187499999995 0.010945943055555555
1 0.5087811527343751 0.6056755743055555 0.02668073984374999 0.021891887499999995
3 0.8915471359375001 0.7187836631944445 0.21344591093749993 0.2189188819444444