1 0.24797298632812498 0.605723688888889 0.020982730468749988 0.03907894722222222
1 0.12657290390625 0.6075000020833333 0.035970393749999996 0.05684210416666665
1 0.27445119375 0.6217105305555555 0.037968750000000016 0.06749999999999995
1 0.18252685078125 0.6687828993055557 0.1378865125 0.17585526527777778
1 0.051296320703124995 0.64681308125 0.10259264140624999 0.12481036805555558
3 0.019322635546875 0.5462171083333334 0.03864527109375 0.10124999999999997
0 0.350888282421875 0.6208223708333334 0.012989308593749981 0.062171050000000054
0 0.36337800390624997 0.6234868472222223 0.011990131250000013 0.046184211111111116
0 0.43631797031249997 0.6252631604166667 0.015986842187500017 0.11723684027777778
0 0.6031806359375 0.6092763194444444 0.023980262500000026 0.09592105277777777
1 0.63965061953125 0.600394738888889 0.06094983437499994 0.07105263055555555
1 0.54255891953125 0.6086346479166667 0.10125988125000003 0.08397981527777776