0 0.034458590624999993 0.4926559055555556 0.010546867187500003 0.042187472222222216
0 0.043027920703125 0.4926559048611111 0.014501942968750004 0.03749997638888887
4 0.783286201171875 0.5500777395833333 0.021093736718749943 0.05390621249999994
4 0.7345069375 0.5512496125 0.03427732031249997 0.06093745833333328
0 0.709458126171875 0.5242965076388889 0.018457017968750034 0.08671869027777777
0 0.83470218125 0.5032027715277778 0.015820301562500028 0.0351562236111111
0 0.764829181640625 0.5313277513888889 0.029003885156250055 0.09609368333333326
1 0.27374065156249994 0.5219527597222222 0.0250488109375 0.04453121666666667
1 0.3119730484375 0.5278121291666668 0.06723628281249998 0.08906243888888889
1 0.43787628203124995 0.5043746458333334 0.015820301562500028 0.028124980555555606
1 0.536093987890625 0.5207808861111111 0.014501942968749936 0.05624996111111113
1 0.45369658398437507 0.5078902680555556 0.015820302343750026 0.025781230555555604
1 0.39371127421874996 0.534843375 0.10678703593750001 0.19687486388888883
1 0.24012251171875 0.5207808861111111 0.0527343390625 0.05624996111111113
1 0.496543234765625 0.5336715013888889 0.08041986640624996 0.11015617499999995
1 0.640244306640625 0.5360152499999999 0.13051748828124995 0.1570311416666667
1 0.103672409765625 0.5289840055555555 0.14897450546875 0.1429686527777778
1 0.9744481789062501 0.5535933618055555 0.05009762187499991 0.0656249569444444