1 0.7757597941406249 0.39575865416666667 0.010546867968750017 0.023437483333333377
1 0.78564748203125 0.3992742763888889 0.014501943750000024 0.021093733333333295
1 0.7955351699218751 0.4051336458333334 0.01582030078125003 0.023437483333333297
1 0.809377934375 0.40278989930555553 0.014501943750000024 0.02812497916666664
1 0.819265622265625 0.4121648902777778 0.01845701953124994 0.03749997222222221
1 0.8416777171875001 0.4121648930555556 0.02900388749999987 0.04687496666666667
1 0.8700224246093751 0.42622738194444443 0.04086911328124998 0.05624996111111105
1 0.9122098953125001 0.43560237569444443 0.048779264062500084 0.08437494305555554
1 0.9537381863281251 0.5012273326388889 0.08964837578124989 0.25312482638888895
1 0.7625762085937501 0.4004461513888889 0.018457018749999943 0.023437483333333297
1 0.73752739765625 0.44028987291666666 0.06855464062500002 0.09843743194444446
1 0.7032500765625 0.4063055208333334 0.026367168749999958 0.03984372222222221
1 0.67754208671875 0.41919613888888896 0.03295896093750006 0.06093745833333336
1 0.630740362109375 0.44614924375000004 0.08173822578124997 0.09609368472222223