1 0.14837329609375 0.4850396430555556 0.019009392187499995 0.023122536111111144
1 0.12736291640625003 0.48770762777777776 0.025012357812499997 0.024901191666666656
1 0.093346108984375 0.48592897152777775 0.04902422265624999 0.04624507083333332
1 0.265931380078125 0.47525703194444446 0.018008897656250022 0.024901191666666656
1 0.2499234703125 0.48237165694444445 0.014006923437499985 0.03557313055555558
1 0.229413337109375 0.4770356881944445 0.03901927890625001 0.0640316375
1 0.288442501953125 0.48681829930555554 0.03901927734375001 0.04446641527777781
1 0.19289529375 0.48948628472222216 0.06403163750000003 0.07826088888888884
3 0.30895263515625004 0.4565811381944444 0.016007909374999983 0.02667984861111113
1 0.3159560953125 0.4850396430555556 0.014006920312499994 0.023122536111111144
1 0.33096350976562505 0.4850396430555556 0.020009885156249973 0.03735178888888887
1 0.3534746328125 0.48237165833333334 0.03701829062499997 0.06758894999999998
1 0.361478587109375 0.49393292569444436 0.03901927890625001 0.06936760694444447
1 0.3699827890625 0.4957115826388889 0.032015818749999966 0.06936760694444447
1 0.40500009101562495 0.5063835222222223 0.08204053515625001 0.1298419305555555
1 0.432013437109375 0.5419566541666667 0.07803855703124998 0.15118581111111107
1 0.5670801703125 0.5481819493055555 0.24412061562500006 0.33083012083333335
1 0.788189416796875 0.5464032951388889 0.42220860546875 0.5833993569444443