1 0.539515951171875 0.43545937916666666 0.014636486718749975 0.022959194444444442
1 0.5507085578125 0.43316345972222225 0.011192606249999936 0.0214285805555555
1 0.523157525390625 0.43316345972222225 0.02152424453124997 0.027551033333333346
1 0.501746951171875 0.4385504993055556 0.023246183593750035 0.02908164583333333
1 0.42242406171875 0.44464305486111105 0.040465579687499975 0.047448998611111175
1 0.5662060144531249 0.43545938055555555 0.012914546093750002 0.019897969444444483
1 0.5769681359375001 0.43775529791666673 0.012053576562500012 0.018367356944444423
1 0.58557783359375 0.4408165229166667 0.010331637500000036 0.01836735416666665
1 0.594618016015625 0.44005121666666663 0.011192607031249935 0.019897966666666635
1 0.6690919019531251 0.43316346111111115 0.03443879140625006 0.052040838888888885
1 0.7074050574218751 0.4262757013888889 0.06457273359375 0.10255106666666668
1 0.7427048171874999 0.4454083631944445 0.02496812343750001 0.06734696805555558
1 0.79005815546875 0.446938975 0.09040182656249991 0.11938780833333335
1 0.8799111097656251 0.46143196180555557 0.16358425703124996 0.1561225208333333
1 0.370073503515625 0.4489797944444444 0.06285079296874999 0.07346942222222223
1 0.275797312890625 0.47270429513888895 0.08437503828125 0.09030616249999994
1 0.130723906640625 0.4964287965277778 0.16272328828125002 0.1316327125
1 0.6109764421875 0.43102060416666665 0.028412003124999963 0.04285716111111115
1 0.943251330859375 0.49779793819444446 0.11016839609374998 0.1702072569444444