1 0.474731420703125 0.4341144270833333 0.00974807890624998 0.019062909722222167
1 0.5098245042968751 0.44711186597222224 0.013647310156250026 0.027727868055555563
1 0.52298440859375 0.44711186597222224 0.018521348437499974 0.04505778749999997
1 0.5371191230468749 0.44884485763888887 0.015596925781250003 0.051989754166666714
1 0.5502790292968751 0.45317733611111116 0.018521349218749972 0.06065471111111115
1 0.5775736484375 0.4549103277777778 0.05751366406249998 0.07105266111111111
1 0.6248518296875 0.4687742625 0.06823654999999995 0.08491659444444445
1 0.67261741328125 0.4765727243055556 0.09163193750000005 0.11437745416666666
1 0.487891326953125 0.4419128888888889 0.012672502343750036 0.024261883333333383
3 0.8412591703124999 0.48263819652777773 0.2787950437499999 0.2478178152777778
3 0.434276895703125 0.4306484444444444 0.07895943671874997 0.19582806388888885
1 0.395284581640625 0.4479783611111111 0.022420580468750017 0.04679077777777773
1 0.37286400078125004 0.45837631041666665 0.043866353125 0.05718872638888889
1 0.3431323609375 0.4757062284722222 0.05848847031250002 0.07451864305555553
1 0.30219043203125 0.4497113520833333 0.023395387499999965 0.03292684027777774
1 0.280744659375 0.44884485625 0.02924423437499999 0.03812581805555561
1 0.24613898085937497 0.4523108409722222 0.03411827421875002 0.038125818055555524
1 0.21640734179687499 0.45577682569444444 0.025345003906249986 0.03812581805555561
1 0.18472608671875 0.46444178263888886 0.03801750625 0.038125818055555524
1 0.135498291015625 0.46877425972222225 0.05263962421874999 0.053722741666666705
1 0.09504376484374999 0.48437118611111113 0.03996712187499999 0.036392827777777845
1 0.015910936718749998 0.4995653027777777 0.031821873437499995 0.08225623055555557