1 0.5018166671875 0.5067183958333333 0.009228507812500019 0.018749986111111148
1 0.49720241289062506 0.5114058916666667 0.013183585156250021 0.023437483333333377
1 0.487314724609375 0.5160933888888889 0.019775377343749945 0.028124983333333374
1 0.54730003515625 0.5043746458333334 0.010546868750000016 0.032812477777777835
1 0.55652854375 0.5114058909722222 0.02109373437500004 0.03281247916666672
1 0.5730080246093749 0.5055465194444444 0.03295896171874997 0.025781230555555604
1 0.5723488460937499 0.5196090104166667 0.03427731874999997 0.03515622638888887
1 0.607944524609375 0.5149215138888888 0.07382807421874996 0.04921871666666667
1 0.646836098828125 0.5242965090277778 0.054052696093750005 0.053906212500000016
1 0.661997221484375 0.5266402555555555 0.07382807421874996 0.06796870277777782
1 0.716709098046875 0.5207808847222223 0.15424794140625 0.09843743055555557
1 0.725937607421875 0.5453902430555555 0.13842763984374998 0.1054686777777778
1 0.40887239570312506 0.5524214881944445 0.09492181015624998 0.15703114305555552
1 0.5176369691406251 0.50906214375 0.011865225781250021 0.01874998750000003
1 0.531479733203125 0.5137496395833333 0.02373045234374995 0.04218747083333333
1 0.8564550953125 0.5453902430555555 0.2860837875000001 0.21328110277777776
3 0.193889330078125 0.5207808854166667 0.38777866015625 0.5484371208333333