1 0.10738470625 0.5657378673611111 0.1147258125 0.1068346180555555
1 0.187283037890625 0.5679924798611111 0.05053398828124998 0.06070148749999996
1 0.23713413437500003 0.5534241222222223 0.04916820468750003 0.05584536944444444
1 0.280839206640625 0.5461399451388889 0.03824193828125 0.050989248611111135
1 0.308154875390625 0.54613994375 0.030047236718750002 0.041277012499999995
1 0.418783337109375 0.5194312895833333 0.01638940234374999 0.021852537500000026
1 0.40717417695312497 0.5242874090277778 0.017755185156249943 0.021852537500000026
1 0.39010188398437495 0.5315715881944444 0.021852535156249964 0.021852534722222258
1 0.48365805273437507 0.5194312895833333 0.006828916406249963 0.026708654166666672
1 0.47887781015625 0.52064531875 0.019120968749999977 0.02428059583333335
1 0.5041448039062499 0.5109330819444444 0.012292051562500017 0.01942447777777774
1 0.538289391796875 0.5218593472222223 0.020486753906249967 0.0364208916666667
1 0.538972283984375 0.5242874076388888 0.01365783515625001 0.031564773611111166
1 0.5519472246093751 0.5279294965277777 0.028681453906250008 0.0388489513888889
3 0.59155494609375 0.5364277048611111 0.05326555468750005 0.08498208472222228
1 0.463342043359375 0.5117135423611111 0.012292050781250018 0.02185253749999995
1 0.45309866796875 0.5104995131944444 0.010926268750000023 0.01456835694444444
1 0.4442210749999999 0.5153556291666667 0.015023617187500005 0.01942447777777774
1 0.518656275390625 0.5129275729166666 0.010926267968750025 0.019424476388888855