1 0.622404387890625 0.4354404854166667 0.06171597421874999 0.08586570416666667
1 0.6666788910156249 0.40602353402777774 0.023255296093749944 0.01749115972222223
1 0.70827008984375 0.43782564583333333 0.06708258124999995 0.1001766555555556
1 0.75797726484375 0.3851235763888889 0.00626104218750001 0.012720844444444405
1 0.7825742101562501 0.38830378680555555 0.007155474999999978 0.0190812652777778
1 0.78794081640625 0.38750873541666664 0.01073321250000001 0.01431094861111109
1 0.7977795960937499 0.39068894583333336 0.008944343749999995 0.011130738888888913
1 0.8026989835937501 0.3994345270833334 0.00804990937500003 0.022261479166666633
1 0.033871114453125004 0.5298231895833333 0.06774222890625001 0.11766781249999998
0 0.314606127734375 0.4821200201388889 0.02683303359375002 0.09858654861111107
1 0.535978642578125 0.48371012638888894 0.11538203984374995 0.13356887222222227
1 0.7660271734374999 0.38591862916666664 0.009838778124999958 0.014310949999999975
1 0.8147738480468749 0.4057949493055555 0.02146642578124993 0.022261479166666633
1 0.7879408171875 0.4097702138888889 0.026833031249999983 0.03021200833333337
1 0.857706701171875 0.4280564298611111 0.07155475390624985 0.09540633750000001
1 0.670769908984375 0.48291507152777774 0.11269873515624998 0.14787982083333337
1 0.969511002734375 0.4296465340277778 0.05724380234374991 0.10176675972222221