1 0.36756645664062504 0.5995572541666667 0.14067569765625004 0.2015289388888889
1 0.937098166015625 0.5959151638888889 0.1242862976562499 0.13597133333333333
1 0.444733223046875 0.5801327763888889 0.03824193671875005 0.11411879722222219
1 0.45907394921875 0.5716345680555556 0.025949885937500028 0.0728417833333334
1 0.46931732617187494 0.5594942708333334 0.021852535156250054 0.053417308333333344
1 0.475463351171875 0.5582802416666667 0.012292050781250018 0.0461331305555556
1 0.482292268359375 0.5558521819444444 0.017755185156249985 0.0461331305555556
1 0.782081741015625 0.5837748652777778 0.08467857421874996 0.0728417833333334
1 0.68033087265625 0.5631363604166667 0.04780242187499999 0.04613313194444441
1 0.62365085859375 0.5546381520833333 0.03277880312499999 0.029136715277777763
1 0.602481214453125 0.5558521819444444 0.02048675234374997 0.026708655555555558
1 0.588140487890625 0.5497820340277777 0.01638940234374999 0.02428059583333327
1 0.575165544921875 0.54613994375 0.015023617968750003 0.021852534722222258
1 0.5635563855468749 0.5485680027777778 0.010926267968749936 0.016996416666666646
3 0.48570672734375 0.5388557652777777 0.030047235937500007 0.06070148888888893
1 0.551264334765625 0.5424978548611111 0.010926267968750025 0.019424476388888934
1 0.538972283203125 0.5424978548611111 0.01365783515625001 0.019424476388888934