1 0.448069740625 0.3611004645833333 0.03156094218749992 0.035298806944444455
1 0.41543135546875 0.35967888541666665 0.035628612500000004 0.05935800138888886
1 0.369140494921875 0.3599998743055555 0.05695310546874999 0.07124997638888889
1 0.507831853515625 0.33749988124999997 0.007382810156250042 0.01499999305555555
1 0.5131052890625 0.3543748770833333 0.00949218437499999 0.022499990277777788
1 0.521542785546875 0.3581248743055555 0.009492185156249989 0.018749993055555532
1 0.583241982421875 0.38812486388888884 0.033749988281249976 0.04874998333333333
1 0.33191003671874997 0.34781237847222224 0.017929681250000006 0.07312497083333337
1 0.314507698046875 0.3459373791666666 0.021093742968749975 0.08062497222222219
1 0.27021083945312496 0.34687487916666665 0.08015622109375001 0.08999996666666665
1 0.488320141015625 0.36046862638888894 0.03796873671875005 0.05624998055555552
1 0.541556828125 0.3853532840277778 0.055948445312500004 0.0760193152777778
0 0.8669528214843749 0.4045311104166667 0.012656246093749957 0.06937497361111108
0 0.830566115625 0.4181248527777778 0.023203117187500056 0.08062496944444446
1 0.9956246511718749 0.4603123368055555 0.007382808593750134 0.03749998749999995