1 0.428842571875 0.5271378784722222 0.32644933281249994 0.4295454374999999
1 0.10706742890625001 0.4720146145833333 0.21413485781250002 0.28809705972222227
1 0.1907213125 0.4222325041666666 0.072544296875 0.15080893055555553
1 0.24893226015624997 0.4201523798611111 0.060258571874999986 0.09880585138888884
1 0.5587081046875 0.42379259652777773 0.08775519687499997 0.17889059305555552
1 0.67411947109375 0.38323019513888884 0.08307491875000003 0.06656394305555556
0 0.6994886964843751 0.3837502236111111 0.014040832031249995 0.09464560555555551
0 0.70592407734375 0.37334960763888886 0.010530623437499997 0.09048535694444443
0 0.71557714921875 0.37854991736111115 0.01696600625000002 0.09256548194444439
0 0.83112149140625 0.3811500708333333 0.016380970312500055 0.10816640555555554
0 0.9879107765625001 0.39935114930555554 0.022231318750000107 0.15288905416666662
4 0.7653582808593751 0.4274328125 0.04270752734374996 0.08632511388888892