1 0.53100223671875 0.5591791340277777 0.014010612499999997 0.02241697916666665
1 0.5064836625 0.5566883618055556 0.012609549999999992 0.022416981944444497
1 0.32924940859375 0.5654060756944445 0.022416981250000002 0.04981551527777776
1 0.313837734375 0.5691422388888889 0.042031839062500034 0.04732473611111116
1 0.257094751171875 0.5728784013888889 0.06584988203125 0.06974171944444446
1 0.4931735796875 0.5579337486111111 0.016812734375000016 0.02490775555555563
1 0.515590562890625 0.5616699111111111 0.014010614843749991 0.02739853333333334
1 0.542911256640625 0.5554429708333334 0.015411674218750004 0.02490775555555555
0 0.845400384765625 0.5467252569444445 0.019614858593750027 0.062269391666666646
5 0.787413958984375 0.7422867222222223 0.26511580546875 0.34080926111111115
4 0.8660309996093749 0.6187798243055554 0.04903714609374994 0.11457567916666665
0 0.92364966796875 0.5678968506944445 0.025219103124999975 0.10959412916666669
0 0.97478840546875 0.5728784041666667 0.026620164062499896 0.12453878333333337
0 0.6346807738281249 0.5678968506944445 0.014010613281250084 0.06476016805555555
0 0.64504861796875 0.5666514631944445 0.011208490624999979 0.05728784305555558
1 0.148792711328125 0.6627954041666667 0.29758542265625 0.6650370999999999