1 0.42646588945312497 0.6422217416666667 0.02731566953125002 0.0655576055555555
5 0.39915021953125 0.6422217416666667 0.019120968750000022 0.0655576055555555
5 0.380712144140625 0.6980671097222223 0.04233928828124998 0.10926267777777786
1 0.229793070703125 0.6227972659722222 0.04370507109375001 0.07041372638888888
1 0.8887835945312499 0.7017091999999999 0.10789689218750009 0.09712238055555547
1 0.9167821570312501 0.7065653194444445 0.1092626781249999 0.10683461944444446
1 0.9427320433593749 0.7393441222222222 0.11199424453124998 0.19181670277777785
0 0.662063539453125 0.6731794993055555 0.017755185156250075 0.07648387361111114
0 0.6497714875 0.6774286020833333 0.01502361875 0.0752698458333333
0 0.59035990625 0.6725724868055555 0.010926268750000023 0.05341730972222223
1 0.30149670234375003 0.6519339791666667 0.143407265625 0.1821044611111111
1 0.10960412382812498 0.6227972645833333 0.13657834765625 0.11169073750000007
1 0.4872432546875 0.6919969638888889 0.11609159374999996 0.18938864444444445