1 0.08188385859375 0.4731067409722223 0.027294620312499997 0.02426188472222219
1 0.10966588203125001 0.5337614520833334 0.024370196875000007 0.027727868055555563
1 0.38407429140625 0.5138320465277778 0.031193851562500007 0.05025675972222222
1 0.48399209609374994 0.5034340979166667 0.010722885937499971 0.015596926388888871
1 0.473269209375 0.5077665763888889 0.014622117187500016 0.017329919444444484
1 0.464983343359375 0.5069000805555556 0.009748080468750064 0.019062911111111133
1 0.5678255703125 0.5017011048611112 0.030219043750000018 0.03985880972222217
1 0.428428047265625 0.51469854375 0.07311058828124999 0.09358155416666665
3 0.519085178515625 0.46704127013888885 0.061412894531250026 0.14730429583333335
1 0.9109579316406251 0.46184229444444447 0.15109521640625 0.12304241388888894
1 0.886100330859375 0.4583763118055556 0.10917847734374994 0.10224651250000005
2 0.24662638554687497 0.4800387083333334 0.25345003984375 0.3223364611111111
1 0.083346070703125 0.5996151375 0.16474252578125 0.22182294166666666
0 0.7325680968749999 0.4921696506944444 0.02047096562500004 0.11784343749999995
0 0.768635986328125 0.49216965138888885 0.02242058046874993 0.14557130555555553
0 0.7803336812499999 0.48870366597222226 0.02826942812499995 0.15250327083333332
0 0.804703878125 0.4999681125 0.02047096562500004 0.1438383111111111
0 0.7189207859375 0.5155650381944444 0.030219042187500024 0.11264446249999993
0 0.78472031640625 0.44104639444444443 0.01754654218749998 0.057188727777777774
0 0.8207882066406249 0.4887036666666666 0.029244236718749938 0.16636720555555554
2 0.365552942578125 0.46357528750000004 0.015596925781250003 0.03292684444444447