1 0.387597519921875 0.34031238125 0.026367177343749982 0.03749999027777772
1 0.361757686328125 0.3478123791666667 0.029531238281249993 0.02999998888888891
1 0.297421770703125 0.3506248784722222 0.09492184140625 0.08062497083333331
1 0.269472562109375 0.34968737708333336 0.08753903203124999 0.0749999736111111
1 0.212519456640625 0.3534373777777778 0.07066403671874999 0.10124996388888886
1 0.166640567578125 0.3590623729166667 0.13289057890625 0.08624997083333336
1 0.11232418007812499 0.36656237222222227 0.19511711953125 0.12374995555555558
1 0.06486325859375 0.37218736874999997 0.1297265171875 0.16124994305555554
1 0.008964841015624999 0.40874985763888894 0.017929682031249998 0.09187496805555552
1 0.41765610390625 0.33562488333333335 0.014765618749999997 0.02062499444444445
1 0.46511702539062494 0.32906238402777777 0.01054687109375001 0.018749993055555574
1 0.489374828125 0.34687487777777776 0.012656245312499958 0.02062499444444445
1 0.49833966875 0.35343737569444444 0.015820306250000016 0.022499990277777788
1 0.5041404484375 0.3534373763888889 0.016874993750000032 0.018749994444444498
1 0.5247068472656251 0.36187487361111115 0.024257805468749984 0.03187498888888886
1 0.54474590390625 0.3731248673611111 0.02425780624999998 0.03562499027777777
3 0.775195041015625 0.3787498673611111 0.44824203046874994 0.7556247347222224