0 0.66446463828125 0.5248186506944444 0.019282799999999954 0.06692866250000004
1 0.3889616265625 0.49543533472222223 0.009182284375000016 0.014691661111111089
1 0.382074913671875 0.49625153958333335 0.011936971093750026 0.013059251388888842
1 0.3728926265625 0.5003325520833334 0.015609885937500012 0.014691656944444433
1 0.35774185507812495 0.5019649611111111 0.014691657031249994 0.014691655555555627
1 0.34947779765625003 0.50767838125 0.02020102812500002 0.019588876388888822
1 0.342131970703125 0.5117593979166667 0.016528114843749987 0.017956468055555615
1 0.42064051328124996 0.4929867263888889 0.008264056249999995 0.013059252777777728
1 0.42752722890624995 0.4954353368055556 0.00734582968750006 0.01142684583333333
1 0.44038242812499995 0.4987001479166666 0.018364571874999937 0.024486095833333287
1 0.46263416523437506 0.5245465833333334 0.035810916406250025 0.04570738055555555
1 0.40616310742187506 0.5041415034722222 0.01652811640624998 0.03428053472222222
1 0.39652170546875 0.5229141763888888 0.021119257812500035 0.0359129416666667
1 0.38091182070312496 0.5098549243055556 0.011936972656250022 0.016324062500000024
1 0.760752383203125 0.6186820159722223 0.25894046171875 0.22853689305555555
1 0.8932247898437501 0.7003342180555555 0.21211080312500002 0.4146312194444445
1 0.0211702578125 0.5486075673611112 0.0413202859375 0.07672309861111112