1 0.43726509804687497 0.5221099576388889 0.023980263281250025 0.040855265277777796
1 0.4222774335937499 0.5309915340277778 0.019983553124999977 0.040855265277777796
1 0.40828894648437497 0.5443139020833333 0.031973685156249945 0.049736843055555605
1 0.37981238398437495 0.5514191638888889 0.04696134921874999 0.07105263055555555
1 0.347838698828125 0.5816165354166667 0.06494654609374999 0.07815789583333334
1 0.51919766484375 0.4892481118055555 0.007993421875000007 0.017763156944444428
1 0.5271910863281251 0.4963533777777777 0.007993421093750008 0.01776315833333331
1 0.539181216015625 0.5052349569444445 0.01798519765624995 0.01776315833333331
1 0.53918121640625 0.5247744284722222 0.011990131250000058 0.028421054166666692
1 0.558165592578125 0.5416494284722222 0.03597039453124999 0.051513159722222215
1 0.58514338828125 0.5665178493055556 0.05595394687500006 0.08348684305555554
1 0.47623302578125 0.5096757458333333 0.029975329687500007 0.044407894444444436