1 0.009171640625 0.47738862777777774 0.01834328125 0.13104785833333338
3 0.14646596484375002 0.4066643861111111 0.22582354218750003 0.2558553416666666
1 0.269908366796875 0.4607476298611111 0.030421824218749994 0.06032361805555553
1 0.294479840625 0.45866750625 0.023401403125000008 0.05200312083333335
1 0.324316629296875 0.4513870701388889 0.04095245546875002 0.04992299305555561
1 0.34830306835937497 0.45450725555555554 0.023401403906250007 0.04368261944444443
1 0.362928945703125 0.4513870673611111 0.015210913281249993 0.033281995833333314
1 0.37696978750000004 0.4503470048611111 0.022231332812500025 0.031201870833333267
1 0.39803105 0.44306657013888895 0.022231334375000023 0.03744224583333333
2 0.42845287460937503 0.4285056965277778 0.024571472656250037 0.049922993055555524
1 0.460629804296875 0.44618675625 0.032761964843749956 0.04784287083333333
1 0.5203033835937501 0.4565873805555556 0.030421824999999993 0.035362116666666624
1 0.49222169843749997 0.4534671923611111 0.025741542187499977 0.03744224583333333
1 0.54136464609375 0.45138706805555556 0.025741543749999974 0.04160249444444446
1 0.5829021359375 0.45450725694444444 0.057333435937499996 0.060323619444444414
1 0.6525213117187499 0.4877892513888889 0.06084364843749999 0.07696461388888894
1 0.6981540484375 0.498189875 0.07722463124999993 0.09776586111111117
1 0.762507907421875 0.5221113090277778 0.10296617421874998 0.11648698472222223
1 0.89063058984375 0.5429125576388889 0.21178269999999993 0.22049322361111115
1 0.9540136222656251 0.6035152097222223 0.08833001796875006 0.18984361944444444