1 0.468275126953125 0.5637128506944445 0.05743668515625 0.07594933749999998
1 0.437499825 0.55414886875 0.03006328281249999 0.059634284722222236
1 0.42341754921875 0.5510546298611112 0.013291134375000003 0.048945126388888836
1 0.41392388437500005 0.55105463125 0.013291135937499999 0.042194073611111174
1 0.38591756523437504 0.5476791027777778 0.03322783515625005 0.03713078611111113
1 0.247784709765625 0.5358647611111111 0.03227846796875 0.05063288888888893
1 0.21455687499999998 0.5409280520833333 0.034177201562500016 0.054008418055555535
1 0.18844928945312497 0.5443035777777777 0.04082276953124999 0.060759469444444394
1 0.13908222265624998 0.5426158125 0.06550630312499998 0.08776367777777776
1 0.09778477031249999 0.5502107479166667 0.07025313593749999 0.09282696805555557
1 0.03322783515625 0.5561179180555555 0.0664556703125 0.12489446388888889
1 0.899999634765625 0.5831221256944444 0.025632900781250002 0.06075947083333336
0 0.513132705859375 0.5556019513888889 0.01329113515625 0.0631030583333333
1 0.35960655039062506 0.47775749652777777 0.018037967968749992 0.032067501388888864
0 0.6796872242187499 0.5591558833333333 0.020886067187499968 0.09282696666666668