1 0.37263386445312496 0.4861834854166667 0.03856560078125 0.09141475694444452
1 0.39398565078125 0.4862239048611111 0.028465085937499968 0.06856106527777778
1 0.42245073632812497 0.4854077034722222 0.033974457031249995 0.05713422083333334
1 0.45229316640625 0.47806187499999997 0.018364571875000023 0.04570737777777778
1 0.4711168519531251 0.4764294666666667 0.017446342968750007 0.035912938888888926
1 0.488563194921875 0.4641864201388889 0.011936971093749981 0.017956468055555615
1 0.57441756875 0.46418641944444444 0.009182285937500012 0.027750908333333275
1 0.505550423828125 0.465818825 0.018364572656250022 0.027750905555555583
1 0.591098177734375 0.46768442500000007 0.02938331640624998 0.044074972222222265
1 0.62369529296875 0.4717654416666666 0.02479217187499998 0.035912938888888926
1 0.673738749609375 0.4758464583333334 0.05142080078125 0.044074972222222265
1 0.54885966171875 0.4799274736111111 0.04958434375000005 0.07182588055555554
1 0.299560600390625 0.4864571 0.13130668671874995 0.14691657499999997
1 0.09767082890624999 0.5656288104166667 0.19534165781249999 0.27261186527777775
1 0.937052272265625 0.510943195138889 0.07713120234375008 0.1175332597222222
1 0.9658100429687501 0.6733676305555555 0.06669782968749996 0.26608224166666666
4 0.8444857550781251 0.5247451256944444 0.06112885390624996 0.05663267916666667