1 0.12253078906249999 0.6104919854166667 0.24506157812499998 0.40013869305555555
1 0.33393584257812503 0.5628119048611111 0.18616266015625005 0.23746549027777783
1 0.435957185546875 0.5319600888888889 0.05784715078125 0.09349034722222227
1 0.561117390234375 0.5899241041666667 0.23664744609375 0.3515237166666667
1 0.16407556210937502 0.5338298951388888 0.027345924218749994 0.018698070833333306
1 0.23033684921875 0.5422440222222222 0.023138862500000013 0.031786719444444445
1 0.198257972265625 0.5444879951388889 0.04312242421875001 0.042257229166666674
1 0.678389346875 0.5291553701388889 0.03470829531250006 0.0355263263888889
1 0.7276454011718749 0.5363026305555556 0.03716576015625002 0.042341605555555537
1 0.7888248203125 0.5413091263888888 0.044174189062499994 0.04113576111111112
1 0.8235331117187499 0.5459836416666666 0.044174190624999984 0.05048479166666663
1 0.87401790234375 0.5512330569444444 0.06626128437500008 0.045762744444444475
1 0.9494308625000001 0.5459836409722223 0.08899720625 0.08414131527777778
1 0.76042712734375 0.541309125 0.026294165624999977 0.03365653055555558
2 0.21763305078124998 0.5117106888888888 0.08658519375 0.024961497222222247