0 0.897400562890625 0.6316986819444445 0.008596703906249914 0.06113213055555554
0 0.90599726875 0.6151420645833333 0.008596704687500002 0.05858495972222215
0 0.929638208203125 0.6266043388888889 0.012895061718750078 0.07641516666666665
0 0.9468316218750001 0.6278779229166667 0.012895059374999995 0.07386799305555555
0 0.9683233863281249 0.6291515069444445 0.012895058593750086 0.06622647222222224
1 0.6060677625 0.5705665506944444 0.020058979687499968 0.022924548611111106
1 0.585292389453125 0.5769344812499999 0.018626197656249933 0.03566040972222224
1 0.55090556484375 0.5973118624999999 0.05014745156250004 0.08150950833333334
1 0.4892958421875 0.5782080652777778 0.07880313593749992 0.08405668055555561
1 0.44273035 0.6049533736111111 0.054445803125000046 0.10188688333333329
1 0.420522195703125 0.6367930298611111 0.07020643359374996 0.21650962361111104
1 0.637589016015625 0.5731137222222222 0.03725239140624996 0.03820758055555555
1 0.6418873703125 0.6036797888888888 0.03438682343749999 0.07386798611111105
1 0.770837956640625 0.7870761777777779 0.32380925390625004 0.4202833972222223
2 0.20488815546875 0.49924573125 0.4097763109375 0.9959442902777779
1 0.729287209765625 0.5578306895833334 0.03725239140624996 0.038207579166666665
1 0.68845286015625 0.56165145 0.0386851734375 0.025471722222222267