1 0.06136468671874999 0.7051473944444444 0.12056957187499999 0.16202525
1 0.125446940625 0.6958646993055555 0.04936706875000001 0.07257381249999995
1 0.38069604765625 0.6770742680555556 0.07025313593749996 0.07932486111111112
1 0.292404944140625 0.6787620291666667 0.07215186953125001 0.0928269666666666
1 0.231645476171875 0.6880447277777778 0.06075946953124998 0.08438815277777773
1 0.343828975 0.6703232173611111 0.031329101562499996 0.05907170416666669
1 0.533860550390625 0.6542894666666667 0.05126581015624998 0.07426157222222227
1 0.46503146054687505 0.6694793347222222 0.057911371093749955 0.06751052222222222
1 0.57800610546875 0.6661038104166667 0.033227834374999966 0.04725736250000002
1 0.6906642765625 0.6675102770833334 0.045569603125000045 0.054008418055555535
1 0.7376579285156251 0.6649786354166666 0.02183543515624997 0.09620249305555552
1 0.80667850703125 0.6716769416666667 0.11202527031250006 0.12658222777777778
0 0.8126578984374999 0.6540081729166667 0.029430367187499938 0.13502104027777787
0 0.985442640234375 0.6886073152777777 0.019936702343749956 0.13333328055555554
0 0.9645565722656251 0.6658225159722223 0.029430367968750027 0.1654007791666667
0 0.9446198722656248 0.6700419243055555 0.02373416953124998 0.14008433194444447
1 0.424841600390625 0.6619165520833333 0.023734167968749987 0.03245327083333333