0 0.062875106640625 0.6004816319444444 0.020470964843749995 0.06065471111111115
0 0.75401386796875 0.5328949555555555 0.039967121875 0.16116823055555551
0 0.05069000781249999 0.5918166743055555 0.017546542187499996 0.07451864305555553
0 0.685777319921875 0.5536908576388889 0.04581596953125002 0.1577022458333333
0 0.725257036328125 0.5155650388888888 0.01949615703125005 0.09531454722222218
4 0.1418345421875 0.5900836826388889 0.039967123437499995 0.046790776388888844
3 0.8905729425781249 0.4436715701388889 0.21721020078124997 0.8873431402777778
1 0.266122541796875 0.5658217979166666 0.10722886328125 0.12650839583333326
1 0.375301020703125 0.5528243625 0.09748078515624999 0.13170737222222226
1 0.49422757734374995 0.528562475 0.03704269687500004 0.048523769444444455
1 0.5341946992187501 0.5172980312500001 0.029244234375000032 0.03639282638888888
1 0.204222244140625 0.5736202625 0.02826942734375002 0.06931966944444447
1 0.42842804765625003 0.5389604284722221 0.034118275000000066 0.06238770138888891
1 0.44792420429687496 0.5233635006944444 0.02242058046874993 0.04505778472222228
1 0.46352112968750003 0.5224970055555556 0.016571732812499997 0.025994874999999952
1 0.46693295703125004 0.5043005923611111 0.009748078124999981 0.013863934722222224
1 0.5103119066406251 0.5025676006944445 0.016571733593749992 0.027727868055555563
1 0.612666730859375 0.5380939319444444 0.08285866796875005 0.11957643055555557