1 0.15598418398437502 0.5680519986111111 0.052268672656249994 0.05610389722222225
3 0.18507712421874997 0.5364935534722222 0.057199678125 0.07714286527777779
1 0.22699068437499997 0.5522727763888888 0.024655034375000006 0.052597405555555574
1 0.25263192109375 0.5408766715277777 0.024655035937500003 0.040324679166666676
1 0.275314550390625 0.5373701791666666 0.018737827343750003 0.03331169444444444
1 0.29602477890625 0.5329870604166667 0.018737825000000007 0.02454545694444445
1 0.34089694296875 0.53561693125 0.021696431250000002 0.029805198611111115
1 0.38527600546874996 0.5286039430555556 0.011834418749999997 0.015779222222222226
1 0.44642049140625 0.5388312131944444 0.031558442187500015 0.035064937499999935
1 0.4296550671875 0.5326948527777778 0.0138068203125 0.026298700000000015
1 0.42028615585937495 0.5262662743055556 0.00690341015625 0.022792209722222227
1 0.40943793867187495 0.5280195236111112 0.008875811718750005 0.01928571666666667
1 0.397603521875 0.5253896534722222 0.008875812500000002 0.017532470833333334
1 0.9406895714843749 0.5337614520833334 0.11502732578124988 0.11091147083333336