1 0.028267289843749998 0.5974017409722222 0.05381399218750001 0.07228348472222221
1 0.099421344921875 0.5888978013888889 0.08610238671874999 0.05102363611111116
1 0.532922941796875 0.550630075 0.08729825234375 0.11905515277777781
1 0.40436729492187495 0.5942127638888889 0.15307090859375 0.21047250000000003
0 0.8868994183593749 0.49854344375 0.04185532578124995 0.13818901527777774
0 0.922177479296875 0.48897651388888885 0.028700796093750112 0.14031499999999997
1 0.8073742980468751 0.4900395048611111 0.023917328906250025 0.019133862500000022
1 0.656097187890625 0.5112993534722222 0.025113196093750022 0.031889770833333365
1 0.7015401148437499 0.5038584076388889 0.037071859374999946 0.029763787500000027
1 0.7320347093749999 0.4974804513888889 0.023917329687500023 0.021259844444444474
0 0.694364915625 0.4900395062500001 0.015546264062500014 0.057401590277777755
0 0.6758289859375 0.4953544673611111 0.011958665625000009 0.05527560694444449
0 0.5992935312500001 0.5049214 0.011958665625000009 0.05314962222222227
1 0.900651882421875 0.46750406944444445 0.045442925781249956 0.07015749999999998
1 0.091648213671875 0.5814568548611111 0.08012305390625 0.04039371250000004