0 0.953096585546875 0.5193748173611111 0.046406233593750026 0.16874994305555555
0 0.6282529484375 0.4874998291666666 0.02109374218750002 0.08624996944444448
0 0.494835026171875 0.4762498319444444 0.011601557031250032 0.056249980555555606
0 0.48112409257812505 0.4781248340277778 0.011601557031249942 0.06374997638888892
0 0.43524520390625004 0.4668748388888889 0.008437496875000061 0.04124998611111113
0 0.054764060937500005 0.49007785972222223 0.059584303125 0.1476560111111111
0 0.098800009765625 0.46406233750000003 0.042187485156249996 0.09562496666666663
1 0.041846904296875 0.46968733541666663 0.06749997578125 0.13687495138888886
1 0.01143126796875 0.4987498270833333 0.0228625359375 0.10499996249999997
1 0.23801871015625 0.4640623381944445 0.012656245312500003 0.020624990277777755
1 0.252256987109375 0.46593733888888883 0.011601558593749983 0.024374991666666703
1 0.268604637109375 0.47156233541666664 0.016874994531249986 0.0431249847222222
1 0.29708118984375 0.47062483611111106 0.0379687375 0.04124998611111113
1 0.3329405515625 0.47812483333333333 0.05062498281250001 0.05249998333333331
1 0.381983503515625 0.48093733333333333 0.028476552343750017 0.05437498055555557
1 0.40782333828125 0.49124982847222215 0.06539060156250005 0.0674999763888889
1 0.538604542578125 0.5203123180555556 0.09914058984374999 0.13687495277777775
1 0.6957529253906249 0.5184373180555555 0.12234370859374995 0.13687495
1 0.8370810007812499 0.5437498097222222 0.22781242031249996 0.2699999055555556