1 0.45318820859375003 0.6151210465277777 0.012247984374999988 0.02830645694444445
1 0.43114183359374997 0.6140323361111111 0.017147179687500014 0.026129036111111108
1 0.41032025859375 0.6162097576388889 0.026945568750000027 0.04790323472222219
3 0.48319577109375 0.6031452395833333 0.05266633750000001 0.10451614305555555
1 0.53096291484375 0.6270968548611111 0.035519157812499993 0.04354839305555558
1 0.5964896382812499 0.64233879375 0.053891135937500056 0.06532259027777777
1 0.6222104070312501 0.6499597611111111 0.05634073281249998 0.07185484722222225
3 0.69508592109375 0.6586694402777777 0.1286038484375 0.13717743888888884
1 0.87635610546875 0.6924194444444445 0.21923893906249994 0.19596776666666674
1 0.981076379296875 0.7642742930555556 0.034294358593750116 0.2090322861111112
1 0.214964890625 0.6075000777777778 0.045317546875000024 0.0479032333333333
4 0.37296390351562503 0.6499597618055556 0.06736391953125001 0.07620968749999998