1 0.9614198355468752 0.5293917472222223 0.03744224609375006 0.03120186944444438
2 0.778888890625 0.5304318090277778 0.05616336875000005 0.06240374305555558
1 0.7900045562500001 0.5429125576388889 0.04797287812500004 0.04160249583333334
1 0.854358416015625 0.5377122451388888 0.06435386015625007 0.09776586249999997
1 0.731501050390625 0.5449926805555555 0.03627217578124995 0.04992299444444441
1 0.63146005 0.5345920590277777 0.023401403125000008 0.024961498611111133
2 0.9093517136718748 0.5221113097222222 0.06201371953125001 0.05408324444444443
1 0.68528327734375 0.607396425 0.1310478578125 0.16224973055555553
1 0.570031365625 0.5709942416666667 0.111156665625 0.1352081083333333
0 0.186833387109375 0.5886753020833333 0.018721122656249988 0.07904474027777779
0 0.17103743828125 0.5949156763888889 0.019891192187500017 0.08320499166666669
0 0.1318400875 0.5917954881944445 0.021061264062499994 0.060323615277777756
0 0.11721421015625 0.5980358631944445 0.01755105156250001 0.07280436527777773