1 0.5056258554687499 0.5526511409722222 0.011236129687500008 0.023304565277777793
1 0.491112520703125 0.5634711180555556 0.01591785078125003 0.02829840277777783
1 0.52622542734375 0.5559803645833333 0.03558107812499998 0.03995068472222225
1 0.763120504296875 0.6125771680555556 0.08052559921875 0.09987671111111109
1 0.870800084375 0.6258940631944445 0.17790539374999997 0.15647351527777778
1 0.246726690625 0.5876079888888889 0.117043021875 0.1364981722222222
1 0.47098112109375007 0.5626388125 0.028090325000000062 0.049938358333333356
1 0.439613590234375 0.5609741993055555 0.01591785078125003 0.02996301527777779
1 0.545888655078125 0.5942664375000001 0.054307961718749985 0.06325525000000004
1 0.33474304296875 0.5867756840277778 0.05898968281250001 0.0649198625
3 0.57772435703125 0.5501542229166666 0.03932645468749998 0.07490753472222222
3 0.492517037109375 0.546825 0.022472260156249924 0.044944519444444435
1 0.1334290453125 0.6109125569444445 0.21255012812500002 0.18976575555555558
1 0.938216864453125 0.6616832194444444 0.11985205390624998 0.16812579999999988
0 0.660122644921875 0.5692972597222222 0.01310881953124996 0.043279908333333277