1 0.54861839296875 0.42820282361111106 0.018457018750000033 0.030468727777777756
1 0.47874539531250004 0.41765595694444446 0.013183584374999936 0.018749988888888916
1 0.47281278125000004 0.4258590756944445 0.01713865937499994 0.02578123194444449
1 0.6217872890624999 0.42820282499999995 0.032958962499999966 0.0539062138888889
1 0.6428810234375 0.4317184458333333 0.035595678124999974 0.06562495555555559
1 0.36668492421875 0.41648407986111113 0.05537105625000001 0.08203119305555553
1 0.3363626796875 0.42820282430555556 0.06591792343749998 0.09140618472222223
1 0.277695727734375 0.43992156597222226 0.08569330078125001 0.11953116805555553
0 0.9553319804687501 0.43640594236111113 0.03032224531250005 0.07499994861111116
1 0.4411721773437501 0.4188278284722222 0.0487792625 0.06796870416666663
1 0.681113419140625 0.4422653145833334 0.07778314921875004 0.08671869305555562
1 0.558506081640625 0.43992156527777776 0.014501942968750025 0.016406238888888838
1 0.162339362109375 0.4410934395833333 0.20302720390625 0.1874998708333333
3 0.509726818359375 0.41882783125 0.05141598046875 0.09609368472222223
1 0.019206832812499998 0.525468382638889 0.038413665624999996 0.19687486249999994
1 0.8630468886718751 0.5137496395833333 0.27290020390625 0.21093735416666673