1 0.442643726171875 0.47471747569444445 0.008576099218749977 0.02217658194444441
1 0.433677803515625 0.47263842222222224 0.015592910156250018 0.026334691666666684
1 0.420423830078125 0.4774895465277778 0.01091503671874996 0.030492798611111108
1 0.47227025429687497 0.47956860347222224 0.017931846093750002 0.02910676527777775
1 0.505478280078125 0.4666322652777778 0.026507946093750068 0.0295687805555556
1 0.399412373828125 0.4913499145833334 0.03664333828124997 0.05405542083333338
1 0.5179184890624999 0.519763661111111 0.07250702968749997 0.10256669722222217
1 0.33041374921875 0.5239217694444445 0.06393093125 0.09979462222222221
1 0.27310980546875 0.5516424993055555 0.10213355937499999 0.13860364305555556
0 0.9492183839843751 0.5156055479166667 0.045999085156249994 0.15523607638888895
5 0.9468794476562501 0.5752051166666667 0.06626986718750008 0.18018473611111108
1 0.5629040433593749 0.48649878402777774 0.035863692968750006 0.04158109027777775
1 0.11967558281249999 0.6292605368055556 0.23935116562499997 0.26889106527777784
3 0.646715934375 0.4982800951388889 0.13643796249999998 0.20651942638888887
1 0.767560984375 0.6119350819444445 0.23935116562500003 0.23701222777777767