1 0.21854759453124997 0.6650469402777778 0.032390381249999975 0.05758290000000004
1 0.18375792539062502 0.6618478888888889 0.04918539453125002 0.06824639999999998
1 0.33611268203125 0.6650469402777778 0.03958824531249996 0.05758290000000004
1 0.348708940625 0.6863739388888889 0.035989314062500014 0.08317529999999998
1 0.379899678125 0.6917056916666666 0.0647807625 0.10236960277777779
1 0.27013227500000003 0.7098336416666667 0.12596259375000002 0.15995250277777784
1 0.48186939687499997 0.7535539916666667 0.20154014999999995 0.31990500000000005
1 0.039994369921875 0.7098336409722222 0.07998873984375 0.33483390138888885
0 0.5826394726562499 0.7247625423611112 0.02399287499999998 0.15142170138888877
0 0.6216278957031249 0.7215634916666667 0.017994655468749964 0.08957340277777782
0 0.6486198789062501 0.7279615909722222 0.031190737499999965 0.17488140138888886
0 0.70800224453125 0.6927720416666666 0.04198753125000003 0.1215638999999999
0 0.76438550234375 0.7588857423611111 0.04918539531250001 0.27085289861111106
0 0.803377078515625 0.7722995256944444 0.08638065703125006 0.2891496736111111
1 0.93107823359375 0.8452600909722223 0.13784353281250006 0.3071088013888889
2 0.931678055859375 0.7087672909722221 0.1366438882812499 0.11090040138888885