1 0.9877937351562499 0.47125339583333337 0.023909804687500015 0.07651137499999999
1 0.06933843359375 0.4645090666666667 0.1367640828125 0.12241820000000006
1 0.18123631953125 0.4364548958333333 0.07555498281249999 0.06290935277777779
1 0.3648636203125 0.4424057805555555 0.03347372656250003 0.044206572222222226
1 0.42320354375 0.4373050222222222 0.027735373437500054 0.034005055555555525
1 0.394511778125 0.43815514861111116 0.03156094218750001 0.039105813888888875
1 0.5894245234375 0.44750653888888886 0.041124864062500065 0.05100758333333333
1 0.9294219464843749 0.46790957222222224 0.08607529765625 0.06460960555555562
1 0.886384298046875 0.4696098249999999 0.024866197656250043 0.044206572222222226
1 0.63762668359375 0.4398553958333333 0.023909804687500015 0.028904297222222177
1 0.61945523203125 0.43815514305555553 0.02199702031249995 0.03230480277777777
1 0.23049051718750002 0.4305040055555556 0.024866196875000003 0.030604550000000015
3 0.30461091289062503 0.4145216291666667 0.09659561328124999 0.13261971666666664
2 0.546865071484375 0.4136715 0.07268580859374998 0.12411845277777778
1 0.7599492390625 0.4799813652777778 0.24674918437500004 0.2805417083333333
1 0.48680362421875 0.48083149166666667 0.12815655312500002 0.1904283111111111