1 0.382124675390625 0.5770862444444445 0.013647310156249981 0.05198975277777783
1 0.497152001171875 0.5935496652777777 0.03899231484375001 0.057188725
1 0.561001915625 0.6334084756944445 0.09455636093750001 0.11264446250000001
1 0.727324273046875 0.7149245840277778 0.28097989921875 0.41058804583333336
1 0.431839875 0.6160785583333332 0.12087617343749994 0.2270219166666666
1 0.348493805078125 0.6074136 0.022420580468750017 0.08491659444444445
1 0.30365264296875 0.6117460791666667 0.0965059765625 0.1490372888888889
1 0.243701961328125 0.65853685625 0.12477540390624997 0.1871631069444445
1 0.15889367890625 0.5666882923611112 0.06433731718749999 0.0415918013888889
1 0.12721242382812498 0.7521184083333333 0.25052561640625004 0.37086023055555556
0 0.21884436093749998 0.5493583756944445 0.014622117187499973 0.03812581805555561
0 0.19983560820312501 0.5554238472222223 0.017546541406250005 0.05025676111111118
1 0.9473789937500001 0.8705322041666667 0.10296617500000008 0.25169509444444443
4 0.7098547500000001 0.8393303326388889 0.10998659531249996 0.31825908472222225