1 0.487896508203125 0.6209591777777778 0.020647657031249978 0.03466767222222218
1 0.475278494921875 0.6189199027777779 0.020647657031249978 0.038746222222222175
1 0.4689694890625001 0.6209591777777778 0.02179475000000002 0.04282477222222217
1 0.45807211445312496 0.6219788152777778 0.022941841406249976 0.04486404722222217
1 0.43742445703125005 0.628096638888889 0.048177867187499945 0.06525679444444445
1 0.40760006210937494 0.6280966381944444 0.04588368359374995 0.06933534305555547
1 0.5286182769531249 0.5913896909722223 0.010323828906250032 0.01631419861111117
1 0.538942104296875 0.6015860659722223 0.010323828906249943 0.01631419861111109
1 0.54410401953125 0.6117824409722222 0.011470920312499988 0.020392748611111088
1 0.5481188421875001 0.6219788145833334 0.010323828125000035 0.028549848611111074
1 0.556148486328125 0.6179002652777777 0.01261801328125003 0.03670694722222218
1 0.563031039453125 0.6199395402777778 0.014912197656249937 0.04894259722222216
1 0.588267064453125 0.6270770013888889 0.05161914296874999 0.06729606944444444
1 0.518567553125 0.63873001875 0.05850169531249998 0.0876888180555556
1 0.37632813515625 0.6489263923611112 0.05850169687500002 0.07953171805555562
1 0.6618721363281249 0.6081408944444444 0.04588368359374995 0.06321751944444445
1 0.705461635546875 0.6173176333333333 0.04588368359375004 0.044864047222222245
1 0.7714194296875 0.5979445215277778 0.09291445781250003 0.09176736527777775
1 0.86318679609375 0.5959052479166667 0.07685516875000005 0.08361026805555553
1 0.9326495687499999 0.5854205590277778 0.06997261562499997 0.09584591527777783