0 0.1997952625 0.5380041020833334 0.02602696874999999 0.11975808194444444
0 0.16611330390624998 0.5448085395833333 0.026026970312499988 0.12792340416666667
0 0.13893808359374998 0.5509325319444445 0.02679246718749999 0.14833671111111105
0 0.1064043734375 0.5529738645833333 0.019902976562500008 0.13881050416666665
0 0.0822911515625 0.5373236590277778 0.02679246875 0.09934477083333333
1 0.47626802226562504 0.4985383847222222 0.01607548046875005 0.0190524222222222
1 0.46210628828125 0.5019406006944445 0.01071698750000003 0.017691531944444467
1 0.453303048828125 0.5039819319444444 0.01301348515624996 0.0190524222222222
1 0.44411705976562504 0.5039819319444444 0.014544483593750001 0.0190524222222222
1 0.4322518234375 0.5060232652777777 0.015309981250000071 0.02041331111111112
1 0.42230033593749994 0.5107863694444444 0.01377898281250003 0.021774197222222194
1 0.40699035468750006 0.51214725625 0.02602696875000001 0.029939518055555524
1 0.39129762109375 0.5175908055555556 0.026792467187500037 0.0353830694444444
1 0.36948089843750004 0.52031258125 0.030619964062500005 0.04354839027777781
1 0.573358819140625 0.5101059284722222 0.03674395546875005 0.05035282916666664
1 0.33605410078125 0.5243952430555555 0.05358493593749998 0.054435491666666676
1 0.5348287015625 0.5171371631944445 0.04439894687500008 0.06532259027777777