0 0.4602883765625 0.5828902173611111 0.007910150000000015 0.04921871527777778
1 0.435898744140625 0.6039839527777777 0.022412094531249947 0.0539062138888889
1 0.4075540375 0.6063277013888889 0.050097621874999956 0.07265619999999996
1 0.366684923828125 0.6110151986111111 0.06328120703124998 0.08671869166666665
1 0.30538125546875 0.6309370590277777 0.09096673437500002 0.10312492916666668
1 0.22759810625000002 0.6578901666666667 0.10942375312500001 0.1195311694444444
1 0.60464862890625 0.5782027215277777 0.01186522656250002 0.02578123194444441
1 0.6178322128906251 0.5699996006944444 0.022412094531250037 0.04218747083333333
1 0.645517740625 0.568827725 0.04614254687499999 0.07265620000000005
1 0.6784767023437499 0.5910933368055555 0.03823239531249998 0.09843743194444446
1 0.54795921328125 0.5840620909722222 0.014501943750000024 0.02343748194444441
1 0.5354348078125 0.5864058402777778 0.01054686718750002 0.018749988888888916
1 0.525547119921875 0.5887495881944445 0.011865225781249933 0.01874998750000003
1 0.511045176953125 0.5887495895833333 0.02768552734375005 0.028124981944444412
1 0.5710304875000001 0.5746870979166666 0.044824189062499985 0.07499994861111116
1 0.76285164453125 0.5887495875 0.1595213750000001 0.19218736944444445
1 0.090398190625 0.6836713979166666 0.18079638125 0.2320310902777777