1 0.394539398046875 0.4224491694444445 0.01894133359375001 0.02908164722222221
1 0.384638247265625 0.4270410076388889 0.016358425781249998 0.02908164583333333
1 0.37469404296875003 0.43102061041666667 0.022385212500000008 0.03367348194444446
1 0.361779497265625 0.4325512222222222 0.018941335156250006 0.039795933333333346
1 0.496090781640625 0.4256634645833333 0.00860969765624997 0.0260204180555556
1 0.5038395097656251 0.4226022409722222 0.015497455468749966 0.032142873611111136
1 0.5494709074218751 0.4371430631944444 0.02410715546875002 0.05816329027777777
1 0.5679817578125 0.4402042888888889 0.038743640625 0.06734696944444446
1 0.5865787230468751 0.45321449583333334 0.03874363984375 0.08418370833333329
1 0.335409225 0.43327279166666666 0.04132654843750001 0.05051022777777779
1 0.525191562890625 0.42742366111111113 0.030994911718750018 0.03673471111111116
1 0.65373433984375 0.45566346388888884 0.11450897968750003 0.1423470027777778
1 0.010188137890625 0.5208601361111111 0.02037627578125 0.11785719722222218
1 0.41664282421875 0.42174241041666666 0.025034332812500004 0.029670320833333284