1 0.388932337109375 0.3768369069444445 0.018941335156250006 0.01224490555555562
1 0.38419700234375 0.39520426249999996 0.014636485937500021 0.015306130555555578
1 0.37085197187499996 0.3684185354166666 0.015497456250000008 0.016836743055555558
1 0.365255667578125 0.3944389548611111 0.019802305468750038 0.022959195833333328
1 0.348897241796875 0.37071445416666665 0.01808036640624997 0.01224490555555554
1 0.347175301953125 0.3860205847222222 0.028412002343749965 0.018367355555555617
1 0.329094937109375 0.39596956875 0.03357782265625002 0.035204098611111095
1 0.2658136578125 0.39443895347222224 0.06887758281249998 0.059693904166666714
1 0.24170650390624998 0.4059185513888889 0.0671556421875 0.04285716388888885
3 0.10782570390624999 0.3423981131944444 0.21438147343750003 0.1270408736111111
1 0.657780908203125 0.4002552826388888 0.02496812421875001 0.04132655138888887
1 0.67973563671875 0.39948997361111116 0.032716851562499996 0.052040838888888885
1 0.69781600234375 0.40408181249999997 0.036160731250000036 0.061224516666666694
0 0.81490789140625 0.3948981375 0.018941334375000098 0.033673486111111116
0 0.9220986285156251 0.3926022159722223 0.01635842578125004 0.03826532361111114
2 0.796629099609375 0.40984253750000005 0.18424753203124994 0.09111332222222228
1 0.794476675390625 0.4240216340277778 0.06285079453125002 0.059693904166666714
1 0.9064755792968751 0.46301041319444447 0.11795285859375007 0.09336739027777775
1 0.967568016015625 0.46917471666666666 0.06292362578124991 0.1377551638888889
3 0.55434154375 0.37970133819444446 0.010331637500000036 0.022959195833333328
1 0.6171923359375 0.3865890986111111 0.00860969843749997 0.015306130555555578
1 0.573282877734375 0.38965032361111107 0.010331636718749948 0.015306130555555578
1 0.52826645390625 0.38735440486111106 0.010331637500000036 0.016836743055555558
1 0.5437639109375001 0.3888850159722222 0.013775517187500076 0.022959195833333328
1 0.56098330546875 0.39041562986111117 0.012053576562500012 0.019897968055555517
1 0.6018793703125 0.39347685625 0.033577820312499986 0.041326551388888945
1 0.631951814453125 0.39260221736111117 0.023246183593750035 0.03214287083333329