1 0.13768907265625 0.686693101388889 0.2750492890625 0.510236361111111
1 0.315873176953125 0.6122836340277777 0.15785437421875 0.21259848472222226
1 0.3900168984375 0.5793308701388888 0.05261812500000005 0.1296850736111111
1 0.41752182656250003 0.5697639375000001 0.057401590624999964 0.10204727222222224
5 0.4683461515625 0.5559450347222222 0.015546264062500014 0.044645677777777754
1 0.5167787453124999 0.5899607930555556 0.11001971562500001 0.16795280277777777
0 0.580159668359375 0.5346851875 0.011958664843750012 0.09141734722222224
1 0.4474184890625 0.49535446875 0.021525596875000018 0.03401575972222225
5 0.47970688359375 0.5070473847222222 0.009566931250000011 0.03188977222222225
5 0.47312961835937506 0.4982825770833333 0.01315453203125001 0.02815953750000004
1 0.49943868046875 0.4932284833333333 0.017937996875000018 0.021259850000000018
1 0.527541543359375 0.49322848263888885 0.01674213046874993 0.02551181805555558
1 0.561623736328125 0.49322848263888885 0.02272146328125002 0.029763787500000027
1 0.543685739453125 0.4953544673611111 0.010762797656250012 0.02551181805555558
1 0.5188332925781249 0.4819842388888889 0.011855480468750023 0.011092847222222228
1 0.48568621640625 0.4953544673611111 0.009566931250000011 0.02551181805555558
1 0.506041852734375 0.48198424027777775 0.013727399218749969 0.013311416666666688
1 0.5425442546875 0.47921102847222224 0.010607535937499968 0.007764993055555575
5 0.47328328671875 0.4808749548611111 0.010607535937499968 0.006655706944444419