1 0.45292792460937503 0.4113826402777778 0.008194700781249953 0.01942447499999997
1 0.466585758984375 0.39924234375000006 0.010926267968750025 0.01456835694444444
1 0.470683109375 0.4113826402777778 0.010926267187499939 0.01942447499999997
1 0.474780459765625 0.41866682083333334 0.01365783515625001 0.014568358333333404
1 0.474780459765625 0.43202114722222223 0.01365783515625001 0.016996416666666726
1 0.441318765234375 0.41623876041666663 0.015023619531249999 0.019424476388888855
1 0.43653852265625004 0.43202114722222223 0.016389401562499996 0.02185253611111114
1 0.45907394999999995 0.45994383125 0.01502361875 0.04856119027777781
1 0.47819491875000003 0.45994383125 0.028681453124999923 0.04856119027777781
1 0.49936456249999994 0.4538736833333333 0.016389401562499996 0.04127701388888888
1 0.52394866484375 0.45872980208333336 0.021852535937499962 0.03156477361111109
1 0.5464840921875 0.45994383125 0.0314130203125 0.038848951388888824
1 0.39693080234375 0.4672280097222223 0.021852535937500008 0.033992833333333375
1 0.419466229296875 0.46965606874999993 0.03960772109374999 0.048561190277777735
1 0.370980916015625 0.46844203958333336 0.04370507109375001 0.05584536805555555
1 0.30337463359375 0.48301039652777783 0.0396077203125 0.06070148750000005
1 0.263084021484375 0.4890805458333334 0.07648387421875 0.09712238055555554
1 0.123347309765625 0.6226238194444446 0.24669461953125 0.3350722138888889
0 0.041144207031250005 0.4501597451388889 0.025949885937500007 0.05327361250000003
0 0.008621498046874999 0.4603880034722222 0.017242996093749997 0.04944953472222227
0 0.190697496484375 0.4368772652777778 0.019120967968750003 0.04613313055555553
0 0.5724339789062499 0.45872980069444447 0.01502361875 0.04613312916666664
0 0.5922378390625 0.4647999506944444 0.01638940312500008 0.048561190277777735
0 0.63526001796875 0.45265965347222226 0.012292051562500017 0.06312954861111114
0 0.6188706164062501 0.44294741458333325 0.012292051562500017 0.048561190277777735
0 0.6823795484374999 0.4611578611111111 0.01638940312499999 0.05584536944444444
0 0.672819063671875 0.46358591944444444 0.01365783515625001 0.05584536666666667
0 0.693988707421875 0.45994383125 0.015023617968750003 0.05827342916666664
0 0.7076465421875 0.4647999500000001 0.01775518437499999 0.07284178611111108
0 0.720621484765625 0.47451218819444446 0.01912096796874998 0.08741014305555553
0 0.740425345703125 0.4660139798611111 0.02048675234374997 0.09955044027777775
0 0.7807159574218749 0.4647999500000001 0.027315667968750023 0.09712238055555554
0 0.821006570703125 0.4672280097222223 0.02048675234374997 0.09226626111111114
0 0.973291428125 0.47451218819444446 0.024584103125000034 0.14568357083333328
4 0.8571998320312499 0.5194312888888889 0.05463133749999986 0.10440655833333336