0 0.395924138671875 0.5861842131944445 0.007993421093750008 0.06217105138888886
0 0.416407280078125 0.5941776340277778 0.010990953906249957 0.04618420972222223
0 0.436390832421875 0.5941776347222223 0.00899259921874993 0.0355263166666667
0 0.42989617851562495 0.5932894770833333 0.007993421093750008 0.05861842083333334
0 0.44538343164062494 0.5861842145833334 0.004995888281249972 0.023092106944444406
0 0.452377674609375 0.5879605291666667 0.006994242968749997 0.0230921055555556
0 0.46137027421875 0.5879605291666667 0.006994243749999995 0.026644736111111043
0 0.46936369492187496 0.5888486868055556 0.004995888281249972 0.02486842083333332
0 0.4763579386718749 0.5888486875 0.004995888281249972 0.021315788888888913
0 0.48285259335937497 0.5888486875 0.007993421093750008 0.021315788888888913
0 0.4963414910156249 0.5861842138888889 0.008992599218750019 0.026644736111111123
0 0.50733244453125 0.5870723715277778 0.010990953125000046 0.028421051388888844
0 0.5947604890625 0.5808552666666666 0.009991776562500032 0.0479605277777778
0 0.687684008203125 0.5950657930555555 0.015986841406250018 0.044407894444444436
0 0.71116468359375 0.6332565826388888 0.022981085937500013 0.11013157916666666
0 0.7316478246093749 0.6394736868055555 0.019983552343749978 0.10480263194444438
0 0.7526305546875 0.6297039506944444 0.0219819078125 0.12078947361111116
0 0.7910988941406251 0.6465789506944445 0.023980263281249935 0.11901315972222216
0 0.8135803906250001 0.644802636111111 0.018984374999999963 0.12611842222222225
0 0.982940999609375 0.6505756611111112 0.015986841406250108 0.04174342222222226
0 0.959460325390625 0.6616776340277778 0.01698601953124985 0.14921052638888888
0 0.186096834765625 0.5746381611111111 0.007993421093750008 0.05328947222222216
0 0.173534251953125 0.5675328979166666 0.011990132031250012 0.05861842083333334
0 0.15804699921875 0.5622039506944445 0.012989309375000003 0.05861842083333334
0 0.13007002578125 0.5630921076388888 0.008992600000000017 0.042631579166666635
0 0.038645271875 0.5648684243055555 0.0179851984375 0.07815789583333334
0 0.080111143359375 0.5737500027777778 0.03497121640624999 0.09592105277777777
0 0.022158840234375 0.5675328979166666 0.01698601953125 0.05861842083333334
0 0.007832092578125 0.5595394770833333 0.01566418515625 0.08171052638888894
0 0.577701607421875 0.6323684249999999 0.034971216406250075 0.14921052777777777
0 0.66512965 0.6199342138888888 0.03197368437500003 0.13855263333333337
0 0.7735404238281249 0.6439144770833333 0.02697779609374997 0.1865131597222222
0 0.836988203515625 0.6483552666666667 0.05195723671875001 0.20960526388888892
0 0.929412133984375 0.6785526347222223 0.05295641484375011 0.2380263166666667
1 0.317538640625 0.5870723715277778 0.027976973437499986 0.030197368055555528
1 0.265081815234375 0.5799671083333333 0.022981086718749967 0.05506578888888885
1 0.292559200390625 0.5835197402777778 0.023980263281250025 0.037302630555555535
1 0.233607718359375 0.5835197402777778 0.049958882031249985 0.07993421111111114