1 0.3190513140625 0.38690320069444445 0.02808168437499998 0.04160249305555557
1 0.2851192796875 0.3775426416666666 0.028081684375000027 0.03120186944444446
1 0.2599627703125 0.3785827034722222 0.017551053125000004 0.024961498611111133
1 0.231296051171875 0.37234232708333337 0.030421824218749994 0.029121745833333375
1 0.381650068359375 0.3973038270833333 0.03393203359374999 0.06656399305555559
1 0.405051470703125 0.3827429534722222 0.015210910156250002 0.02496149583333328
1 0.418507277734375 0.38690320277777773 0.014040841406249971 0.024961497222222247
1 0.43196308515625004 0.39106345 0.015210912499999996 0.02080124722222223
1 0.43956854257812505 0.39106345 0.014040842968749967 0.02080124722222223
1 0.35590852421874997 0.4129047618055556 0.07137428125 0.10192610972222221
1 0.16752722812499998 0.37442245347222225 0.0526531578125 0.05824349305555556
1 0.111363860546875 0.36610195486111113 0.05967357734374999 0.05824349305555552
1 0.050124096484375005 0.36194170555555555 0.10024819296875001 0.07488449166666666