1 0.339788070703125 0.6434744701388889 0.03088982578124999 0.053389823611111116
1 0.359094211328125 0.6465253173611111 0.019735163281250002 0.053389820833333344
1 0.370677896875 0.6472880298611111 0.027457621875000005 0.05796609305555549
1 0.3929872140625 0.6541524361111111 0.051483040624999976 0.06864405833333333
1 0.4324575453125 0.6465253173611111 0.03432202812499998 0.05644066805555552
1 0.46120224375 0.6747456506944444 0.07636651250000001 0.1067796430555555
1 0.551297564453125 0.8000845930555556 0.27371816796875 0.39813551944444436
0 0.16774890859375 0.5972032756944444 0.03174787499999998 0.05949151527777777
0 0.649201178515625 0.6345761506944445 0.012012710156250073 0.06406778472222222
0 0.670223421484375 0.6361015736111111 0.01115465859375 0.06711863055555559
0 0.6865263820312499 0.6284744576388889 0.01458685937499995 0.08237286805555558
2 0.069330483984375 0.5354236270833334 0.13728810859375 0.21050843472222225