1 0.31877275078125 0.43698041527777776 0.03343714062500003 0.05787949722222218
1 0.280935985546875 0.43228748263888894 0.038716689843749964 0.05475087638888891
1 0.25277839531249996 0.44245550347222223 0.022878045312499973 0.05631518472222226
1 0.21758140390624997 0.4502770569444444 0.05103563750000002 0.0719582916666667
1 0.18942381054687502 0.44871274513888887 0.02815759296875 0.06257242916666665
1 0.16390599374999998 0.45340567847222224 0.035196990625000014 0.056315184722222175
3 0.10319118476562501 0.4416733465277778 0.10031142421874999 0.1298377875
1 0.3632089515625 0.44010903611111113 0.032557215625000024 0.04849363333333333
1 0.34605041953125 0.42759454999999996 0.012318946875000014 0.026593277777777837
1 0.3865269578125 0.4369804138888889 0.012318946874999969 0.039107766666666696
1 0.398405941796875 0.44401981388888884 0.025517817968750033 0.059443805555555604
1 0.43140312187499996 0.4534056763888889 0.05983488593750001 0.06882966666666669
0 0.477599171484375 0.42211946250000004 0.013198872656249971 0.05005794166666667
0 0.464400298046875 0.41429790902777786 0.013198871093749976 0.04692932083333332
0 0.5643628703125 0.43524458958333334 0.02621552031250003 0.1270521875
0 0.5902295390625 0.4580986083333334 0.027277665624999958 0.12201623333333336
0 0.670302694140625 0.43385179305555555 0.02903751796874996 0.12358054444444441