0 0.679135881640625 0.538358998611111 0.026367169531249957 0.11484367222222218
1 0.5222512234375 0.5254683819444443 0.013183584374999936 0.01874998888888884
1 0.513681894140625 0.5254683819444443 0.011865227343750017 0.023437483333333297
1 0.482700469921875 0.5289840041666666 0.02109373515624995 0.030468727777777756
1 0.502475846875 0.52664025625 0.021093735937500035 0.03515622638888887
1 0.538071525390625 0.5266402555555555 0.026367169531249957 0.04453121944444444
1 0.42007844296875 0.5535933631944444 0.10678703593750005 0.17812487638888888
1 0.29615274648437506 0.5313277527777778 0.07778314921875 0.09609368333333326
3 0.38711948085937503 0.49499965277777785 0.07250971640625004 0.12187491666666664
0 0.603330269921875 0.5254683812500001 0.014501942968750025 0.06562495416666671
1 0.14256398476562498 0.5629683555555556 0.17402331796875 0.14062490277777778
1 0.907211896875 0.5535933625 0.18457018593749996 0.12187491666666672