1 0.571325208203125 0.4459253215277778 0.015546264843749925 0.01913386527777779
1 0.62603609765625 0.44379933680555556 0.013154531250000013 0.01913386527777779
1 0.611087767578125 0.44273634236111115 0.011958664843749921 0.012755906944444461
1 0.599129102734375 0.44486232708333334 0.019133864843750015 0.012755906944444461
1 0.5865725054687501 0.4448623291666667 0.010762796875000013 0.021259850000000018
1 0.6654996917968751 0.4469883131944445 0.015546264843750013 0.021259848611111132
1 0.7294785492187501 0.46505918402777774 0.055009857812499965 0.05314962083333331
1 0.5447171785156251 0.4597442222222223 0.034680127343750033 0.04677166666666663
1 0.48193418828125 0.4810040694444444 0.090885853125 0.14456696944444442
1 0.7653545421875 0.5012009263888889 0.11480318125000002 0.10842522777777772
1 0.645169962109375 0.45602374930555556 0.026309061718750026 0.042519698611111066