1 0.484966903515625 0.41245203055555557 0.016571733593749992 0.027727866666666677
1 0.46595815039062505 0.44104639375 0.03899231328125001 0.08145060972222228
1 0.44158795390625 0.44971135277777785 0.044841160937500034 0.07798462777777779
1 0.55174124140625 0.42025049375 0.02339538750000001 0.05718872638888889
1 0.599506825 0.4427793847222222 0.04094192968749999 0.11264446111111112
1 0.3021904328125 0.48263819583333334 0.07798462656249998 0.1334403638888889
1 0.220793976953125 0.5138320472222222 0.17254098828125003 0.16116823055555557
1 0.3845616953125 0.4878371708333333 0.11405251718749998 0.16116823055555557
1 0.5181103699218751 0.4540438326388889 0.07700981953125004 0.11091147083333336
1 0.677978856640625 0.45057784930555556 0.15694406328124993 0.20102704027777776
1 0.078959435546875 0.5866176986111111 0.15791887109375 0.34486535277777774
0 0.5839219578125 0.41349633958333337 0.014868874999999981 0.04909089027777777