1 0.40296832890625006 0.46450658124999994 0.018984375000000053 0.02664473749999993
1 0.544351963671875 0.4929276340277778 0.03996710546875004 0.09769736805555557
1 0.5958096128906251 0.4929276340277778 0.10091694140625007 0.11546052638888887
1 0.43444242421875 0.48404605625 0.06194901406249995 0.07282894861111112
1 0.23160936445312502 0.47161184444444443 0.049958882031249985 0.044407894444444436
1 0.219119643359375 0.5177960548611111 0.09092516484375002 0.11546052638888887
1 0.1266957125 0.57907895 0.1658634890625 0.22736842222222223
1 0.374491766015625 0.4760526340277778 0.03597039453124999 0.04973684305555553
1 0.495392260546875 0.5053618444444445 0.09392269921874999 0.12256578888888889
1 0.07433881015625 0.7176315840277777 0.1486776203125 0.5080263180555555
1 0.7796582976562499 0.6678947409722222 0.4386389828125 0.6607894791666666
4 0.28171946757812505 0.4904366590277778 0.009748078906250023 0.045057784722222195
4 0.339720533984375 0.48090520347222215 0.026319811718749975 0.029460859722222288
2 0.6662811628906249 0.43238143611111113 0.06726174140624996 0.07105266111111111