0 0.400371191015625 0.41706501041666666 0.01053063203125002 0.01456087361111113
1 0.3418676828125 0.47114825416666667 0.038612315625000004 0.060323619444444414
1 0.31261592890625 0.47426844166666676 0.0269116140625 0.058243494444444446
1 0.288629490234375 0.47426844166666665 0.03510210546875001 0.07488448888888889
1 0.22544570117187498 0.49506968888888897 0.11934715703124998 0.13312798333333334
1 0.42318755820312504 0.5387523083333333 0.18253094609374995 0.2412944694444444
3 0.5355142953125 0.4690681291666667 0.09828589374999996 0.17265035277777774
0 0.5928477335937499 0.4825889395833334 0.011700701562500004 0.049922993055555524
0 0.624439628125 0.48882931388888884 0.014040842187499968 0.07072424166666665
0 0.644330820703125 0.4836290020833333 0.016380982031249935 0.07280436527777781
0 0.663051943359375 0.4992299375 0.02106126328125004 0.08320498888888891
0 0.7034193640625 0.49090943958333333 0.022231332812499983 0.1081664847222222