1 0.5782218562500001 0.5605936194444444 0.047972876562500044 0.09360561388888884
1 0.62443962734375 0.5564333680555555 0.046802806250000016 0.06448386666666674
1 0.357663630078125 0.6053163 0.07020421015624997 0.1289677333333333
1 0.5858273125 0.5366721826388889 0.01638098281250002 0.02496149583333336
1 0.641929726953125 0.5625251506944444 0.04680280703124993 0.06240374305555558
1 0.9736446199218751 0.6656636652777778 0.050313017968750096 0.15982492499999998
0 0.67527672734375 0.5479642777777778 0.01287077187500003 0.06240374166666661
1 0.0344839125 0.7018616486111111 0.0675052734375 0.16290122222222223
1 0.577575869140625 0.5167624069444444 0.032761966406249954 0.04160249166666669
0 0.8648280937500001 0.5334034041666667 0.01521091093749991 0.06240374166666669
0 0.280257255859375 0.5736202611111111 0.018521349218749972 0.06931966944444438
1 0.033630870703124996 0.5857512034722222 0.06336251015625 0.05545573472222224
1 0.121850980859375 0.5814187243055555 0.019496157031250006 0.06065470972222226
1 0.20665926289062497 0.582285220138889 0.01949615546875001 0.031193851388888857
1 0.236390902734375 0.5874841951388889 0.022420580468750017 0.04852376805555557
1 0.47375661328124996 0.6091465916666667 0.193011953125 0.30673953611111116
1 0.78472031640625 0.6334084763888889 0.23590350000000004 0.23741986666666673
1 0.9450762066406249 0.6065471041666667 0.10820367109374995 0.13863933888888894