1 0.57109019921875 0.6624834187499999 0.05431291250000001 0.11622515972222223
1 0.639484234765625 0.6660595777777778 0.030173839843750015 0.048278144444444455
1 0.672675459375 0.6848344125 0.04827814374999999 0.07509933611111114
1 0.751630340625 0.6866224902777778 0.11365479687500005 0.1394701916666666
0 0.932170483203125 0.6991390472222222 0.046266553906249896 0.1430463527777778
0 0.5670670195312499 0.6901986506944445 0.024139071874999994 0.11086092361111118
0 0.54594533203125 0.6937748083333333 0.02011589375000007 0.10728476388888879
0 0.50671933984375 0.6785761340277777 0.026150660937500004 0.09834436805555558
0 0.488112138671875 0.6991390472222222 0.031179635156250017 0.1430463527777778
0 0.45693250429687493 0.7009271263888888 0.021121688281249985 0.10728476388888887
0 0.411168846875 0.6875165305555556 0.024139071874999994 0.10907284444444451
0 0.44335427578125 0.6946688472222222 0.02011589375000007 0.12337747777777773
0 0.3573588328125 0.7027152069444446 0.03520281406250003 0.17880794166666675
0 0.3171270453125 0.7009271256944445 0.043249170312499974 0.17880794027777785
0 0.2824271296875 0.7018211673611112 0.04827814374999999 0.18059602361111118
1 0.22509683320312499 0.707185404861111 0.054312913281249986 0.18774833749999995
4 0.160725975390625 0.7626158652777778 0.11063741328125001 0.11622516111111113