0 0.68059660625 0.5808676090277778 0.030994912500000017 0.1239796513888889
0 0.105312266015625 0.5952214486111111 0.01119260703124999 0.04744899999999998
0 0.327442466796875 0.5868030791666666 0.012914546093750002 0.08265309999999997
0 0.31065355703124997 0.5799153166666667 0.00860969843749997 0.04438777499999994
0 0.302904827734375 0.5829765458333334 0.010331635156249996 0.06275513055555557
4 0.28568543437500005 0.6158847236111111 0.029272971874999998 0.03979593888888889
0 0.701690366015625 0.5563778 0.00860969765624997 0.044387772222222246
5 0.08371855039062501 0.59770435 0.03357781953125001 0.03520409722222221
1 0.42560605429687504 0.57397985 0.015497457031249962 0.027551033333333346
1 0.408817141796875 0.5755104638888888 0.012914544531250006 0.03979593888888889
1 0.39159774765625005 0.5816329118055555 0.028412004687500002 0.04897960972222227
1 0.758801369140625 0.5670920916666666 0.024107153906250022 0.04132655000000006
1 0.9282438027343749 0.551173723611111 0.027551033593750062 0.03520410277777775
1 0.9067195605468751 0.547959429861111 0.03099491484375001 0.015306129166666693
1 0.9088719839843751 0.5693880090277778 0.03702170078125011 0.03673470972222219
1 0.7151537839843749 0.5609696375000001 0.02669006171874999 0.02908164166666667
1 0.4987335578125 0.6428723784722221 0.16014037656250002 0.2602340930555555
1 0.38242923984375 0.5891677895833334 0.038147554687499995 0.050863406944444495