1 0.58355489296875 0.5519527458333333 0.009228509374999926 0.04921871666666667
1 0.481382112109375 0.5531246201388889 0.015820302343749936 0.046874968055555556
1 0.46094755546875 0.5402340034722222 0.025048810937500044 0.03515622638888895
1 0.42996613124999994 0.5460933743055556 0.031640603124999965 0.04218747083333341
1 0.363389028515625 0.5578121166666666 0.09887688515625004 0.11249992222222219
1 0.19463914453125 0.5636714875000001 0.08833001718749997 0.08203119444444451
3 0.534775629296875 0.5425777513888889 0.10151360234375 0.21796860000000007
1 0.661997221484375 0.5613277388888889 0.06064448984375002 0.07734369722222227
1 0.741757908984375 0.5800777263888889 0.10415031953125001 0.1054686777777778
0 0.746372163671875 0.5261715131944444 0.010546867968750017 0.03046872916666664
1 0.8729345765625001 0.5964839652777778 0.2531248265625 0.25078107777777775