1 0.22825728554687502 0.9086712430555556 0.03955075390624998 0.0679687027777779
1 0.1933207859375 0.9192181104166666 0.0514159796875 0.06562495416666678
1 0.347568726953125 0.8864056340277778 0.009228510156250013 0.01874998750000003
1 0.435239565234375 0.8782025138888889 0.010546867968750017 0.021093736111110987
1 0.478086215234375 0.8934368798611112 0.01713866015624994 0.04687496805555548
1 0.31856484140624997 0.9004681229166667 0.04614254687499999 0.06562495416666662
1 0.40030306523437503 0.8957806263888889 0.03295896171875001 0.05624996111111105
1 0.36668492500000005 0.8817181374999999 0.01582030312499998 0.023437483333333217
1 0.44512725351562493 0.8852337597222222 0.019775377343750032 0.025781233333333375
1 0.50774928125 0.8922650055555557 0.05537105625000001 0.08203119166666666
1 0.12344778710937501 0.9239056076388888 0.09887688515625001 0.09843743194444446
1 0.825473670703125 0.9121868652777778 0.30585916484375 0.17343738055555555