1 0.262401130078125 0.5594942715277778 0.08604436015625003 0.14082745138888886
1 0.45907394960937503 0.6092694930555556 0.08877592578125001 0.0801259638888889
1 0.52833057734375 0.5997306993055556 0.034144585937499985 0.05341730972222223
1 0.5658896234374999 0.6167271145833333 0.057362906250000026 0.07284178472222227
1 0.578181675 0.6142990548611111 0.04097350312499994 0.06798566527777779
1 0.63417879609375 0.6021587583333333 0.06828917343750004 0.03399283333333329
1 0.6983706207031251 0.6458638291666666 0.09014171015625001 0.10683461944444446
1 0.7325152074218749 0.6434357708333334 0.06009447265625001 0.09226626388888891
1 0.8151451082031251 0.6706300361111112 0.19257546953125004 0.14665479444444446
1 0.952497395703125 0.7103641048611111 0.0901417101562501 0.1303162041666667
1 0.12172543242187499 0.6021587583333333 0.24174367421874998 0.44676294999999994
1 0.040034517578125 0.8454850083333333 0.08006903515625 0.29379520000000003