1 0.322519916015625 0.3508591263888889 0.04614254609374999 0.07265620000000005
1 0.27439983203125 0.36843723958333335 0.07910150781249996 0.09843743194444446
1 0.4642434515625 0.32507789583333335 0.031640603124999965 0.04921871666666667
1 0.44380889492187503 0.3285935166666667 0.01713866015625003 0.028124980555555564
1 0.6507911746093751 0.31804665 0.038232396093750065 0.03515622500000003
1 0.7378028335937501 0.3133591520833333 0.035595678124999974 0.03046872916666668
1 0.773398512890625 0.3133591520833333 0.04086911328124998 0.03046872916666668
1 0.895346670703125 0.30867165625 0.03955075390624998 0.03046872916666668
1 0.84458986953125 0.3145310256944444 0.03295896250000006 0.03281247638888891
1 0.9309423496093749 0.3051560333333333 0.021093736718750124 0.023437483333333335
1 0.9685155660156252 0.2957810395833333 0.06196284921875002 0.04218747083333333
1 0.391733735546875 0.37546848541666666 0.11865226171874999 0.1593748902777778
2 0.126237616015625 0.273379125 0.25247523203125 0.48957080277777776
2 0.5683937703125 0.29812478819444443 0.018457018750000033 0.0374999736111111