0 0.60407587890625 0.5299735888888889 0.022156834375000045 0.14323610555555558
0 0.5642942878906251 0.5183356541666667 0.02517822265624998 0.11637933611111109
1 0.40113941328124997 0.4977454625 0.021149706250000032 0.02864721944444442
1 0.42480694101562505 0.5022215916666667 0.026185349218749997 0.03759947777777776
1 0.46760991679687497 0.5174404270833334 0.07352040703125003 0.09668437083333327
1 0.29639801171875 0.48431707847222216 0.011078417187500023 0.041180379166666684
2 0.255609292578125 0.44582237500000005 0.06445624921875001 0.13249339444444444
2 0.23294889257812504 0.49685023888888885 0.06747763359375 0.07698940555555554
0 0.194677995703125 0.47536482291666665 0.019135447656250016 0.07698940694444442
1 0.34322950351562503 0.5040120430555556 0.09467011328125001 0.15576926388888887
1 0.9425612996093751 0.5947011340277778 0.11336002890624997 0.1286871541666667
0 0.838078863671875 0.5594942708333334 0.03277880390625008 0.1893886416666667