1 0.19349935703124999 0.5164315347222221 0.08870751249999997 0.08318360277777773
1 0.414232674609375 0.50205561875 0.06226638203124999 0.054431770833333344
1 0.655070872265625 0.53549444375 0.11502732578124997 0.10744548749999999
0 0.8495450378906251 0.5320284597222221 0.026319811718749975 0.10397950555555559
0 0.92021860703125 0.5268294847222222 0.027294620312499872 0.10397950277777773
0 0.725744441015625 0.5069000798611111 0.014622117968750015 0.05025675972222222
1 0.5819602835937501 0.5268294847222222 0.06238770156250002 0.062387705555555485
2 0.56295153046875 0.4913031534722222 0.06531212499999998 0.10571249583333327
2 0.49763940507812504 0.5034340965277778 0.026319811718749975 0.03639282916666665
2 0.272946196484375 0.48523768333333334 0.16571733359375002 0.0866495861111111
2 0.044657276953125005 0.4604304465277778 0.08931455390625001 0.0661589375
2 0.115968112890625 0.4622185256944445 0.09353890390625 0.0590066208333333