1 0.572699608984375 0.5944161618055556 0.032168658593749996 0.034659834722222234
1 0.6233896171875 0.5944161618055556 0.06141289531250003 0.07278565138888896
1 0.59073355390625 0.6039476159722222 0.017546540624999985 0.046790776388888844
1 0.524934025 0.6039476166666666 0.012672501562499949 0.022528891666666655
1 0.43817612734374994 0.6082800958333334 0.04386635312499996 0.048523769444444455
1 0.406494871875 0.6074135993055555 0.013647309375000027 0.032926843055555585
1 0.3714017890625 0.6126125743055556 0.02729461875000001 0.04332479305555555
1 0.39138535078125003 0.6074135993055555 0.020470964062499996 0.032926843055555585
1 0.34654418867187503 0.6212775340277777 0.024370196093749998 0.04332479305555555
1 0.16328031445312502 0.6422467458333333 0.07506020390624998 0.10397950277777782
1 0.085295687109375 0.655070873611111 0.13159906015625 0.13170737222222226
1 0.031193851171875 0.5989219520833333 0.06238770234375 0.027727868055555563
1 0.048582998437500004 0.7989091875 0.09716599687500001 0.39165613055555554
1 0.6847050390625 0.6179848597222223 0.08578312031250004 0.10259313333333332
4 0.72759660078125 0.612612575 0.009748078124999981 0.029460858333333326
1 0.25686186640625 0.6368744583333333 0.13744790624999997 0.14730429722222224
1 0.490328346875 0.6117460791666667 0.06043808593750004 0.10744548611111118