1 0.7087088429687499 0.5481514284722222 0.03295403906249996 0.03566040972222224
1 0.6693072734375001 0.5799910791666666 0.06590807656250001 0.07386799166666667
1 0.73951370546875 0.599094870138889 0.06304250937500004 0.08150950694444445
1 0.751692371875 0.5468778423611111 0.03868517656249999 0.022924548611111106
1 0.61199590234375 0.5570665291666667 0.06017694062499999 0.058584955555555575
1 0.52602884296875 0.544330667361111 0.03152125312499994 0.043301926388888905
1 0.55611731484375 0.5468778395833334 0.040117962500000014 0.043301926388888905
1 0.4988059421875001 0.54305708125 0.03725239218749996 0.03566040972222224
1 0.43504704062500005 0.5366891520833333 0.03295403906249996 0.028018895833333345
1 0.40639135351562494 0.5366891534722222 0.030088469531249995 0.03820758194444451
1 0.38418319804687495 0.5405099118055555 0.02865568515625001 0.04075475416666663
1 0.355527511328125 0.529047638888889 0.04011796015624998 0.05349061111111111
1 0.326871825 0.5328683958333333 0.037252392187500004 0.045849097222222295
1 0.289619433203125 0.530321225 0.04584909765624996 0.05094343888888891
1 0.25236704140625 0.5252268805555556 0.05158023437499999 0.05094343888888891
1 0.2043687671875 0.5150381902777778 0.07307199999999998 0.06113213055555554
1 0.16281802070312498 0.5175853625000001 0.05587858828125001 0.06113213055555562
1 0.083011940625 0.5277740506944445 0.11519584999999999 0.08660385138888892
1 0.27099323789062496 0.49720798611111106 0.04871466796874997 0.025471722222222187
1 0.33045378593749997 0.4997551576388889 0.04441631406250002 0.02547172083333338
1 0.38848155039062504 0.5010287444444443 0.028655686718750052 0.017830205555555523
0 0.555400919921875 0.5876325958333333 0.027222900781250024 0.10443405555555556
1 0.45868798164062496 0.6080099715277778 0.10889160703125 0.14009446805555556