1 0.367693722265625 0.4289959020833333 0.010740810156250013 0.015275818055555609
1 0.365008519921875 0.4328148569444445 0.009666728906249977 0.030551636111111138
1 0.35802699374999997 0.43472433472222227 0.008592646874999988 0.045827455555555556
1 0.41173104453125 0.42708642569444444 0.008592646875000031 0.011456865277777773
1 0.40421247773437496 0.4328148569444445 0.01074081015624997 0.015275816666666645
1 0.42515705624999994 0.4328148569444445 0.007518567187500036 0.015275816666666645
2 0.38434197890625 0.4149930763888889 0.01396305312499999 0.022913727777777778
1 0.38083843515625004 0.43031434999999996 0.010740810937499966 0.013366341666666651
1 0.32728782578125 0.4518641770833333 0.064137975 0.09738334583333336
1 0.55229505625 0.5070219437500001 0.1903937421875 0.30317274583333337
1 0.761239563671875 0.53292174375 0.22366970703124994 0.20603310972222222
1 0.43883880703125 0.4432715298611111 0.023629781250000016 0.038189545833333303
1 0.391042202734375 0.4384978354166667 0.018259375781249965 0.032461115277777786