1 0.100405208203125 0.5964957479166666 0.07993424296875 0.09011557083333335
1 0.21445772578125002 0.6112261770833334 0.10138001562499999 0.12650839583333334
1 0.371889193359375 0.5419065076388889 0.022420580468750017 0.02946085972222221
1 0.27099658125000003 0.5756998458333332 0.048740392187499995 0.09011556944444447
1 0.31632514609375006 0.5514379618055555 0.043866353125 0.04852376805555557
1 0.419167373828125 0.5436394993055556 0.023395388281250006 0.02946085972222221
2 0.805191280859375 0.3859372527777778 0.38407429140624993 0.7711813194444445
1 0.013647309765624999 0.5869642923611111 0.027294619531249998 0.11611044583333331
1 0.04922779609375 0.5817653173611111 0.03801750625 0.11264446250000001
1 0.09016972578125 0.544505995138889 0.04191673750000001 0.034659834722222234
1 0.17351579648437498 0.55403745 0.03314346640625001 0.03292684444444447