1 0.01674107734375 0.36150632430555557 0.0334821546875 0.11785719583333333
1 0.5013714078125 0.42346958472222224 0.04649236875000007 0.06734696944444446
1 0.4092476414062499 0.3775511972222222 0.005165818750000018 0.018367355555555617
1 0.40408182265625003 0.3775511986111111 0.005165818750000018 0.027551033333333346
1 0.3997769734375 0.37984711597222226 0.005165818750000018 0.03520409861111118
1 0.38643194257812497 0.3806124222222222 0.02496812421875001 0.042857161111111076
1 0.389014851953125 0.3882654875 0.009470667968750002 0.033673486111111116
1 0.381266123046875 0.3890307951388889 0.011192607031249979 0.041326551388888945
1 0.372656425390625 0.3859695673611111 0.014636486718749975 0.050510226388888906
1 0.36447721250000004 0.3882654875 0.020663275000000026 0.05510206666666669
1 0.35156266601562497 0.3936226340277778 0.027551032031250023 0.07193880972222218
1 0.46434970703125006 0.3920920215277778 0.01721939531250003 0.035204098611111095
1 0.49190074062499994 0.4127552958333333 0.044770428125000004 0.07346942222222223
1 0.4293369453125 0.4135206006944445 0.06543370312499999 0.10867351805555556
1 0.859582653515625 0.4753669194444444 0.14894777109375007 0.11326535833333334
1 0.8816532292968751 0.6283763986111112 0.23246183984375007 0.42397978333333325
2 0.28329819296875 0.3252074159722222 0.1196747984375 0.29387768194444447
0 0.167458620703125 0.3841838458333333 0.02324618515625001 0.12244903611111112
0 0.130436921484375 0.3727042479166667 0.03529976171875 0.13316332638888892