1 0.40035094492187506 0.38571445902777773 0.01894133515625005 0.022959193055555556
1 0.348692759375 0.3834185388888888 0.01205357812500001 0.01836735277777777
1 0.313392998046875 0.3857144576388889 0.018941335156250006 0.029081643055555557
1 0.24666784101562503 0.40331650763888893 0.016358425781249998 0.04285716249999996
1 0.09298473476562501 0.38647976458333333 0.04304848671875 0.05510206527777773
1 0.04692285234375 0.3903062986111111 0.0439094578125 0.05969390833333329
1 0.01248406171875 0.3887756840277778 0.0249681234375 0.05663267916666667
1 0.53035738125 0.43086754166666663 0.0774872796875 0.09183677777777777
1 0.41886179414062497 0.39336752361111105 0.02152424453125006 0.032142872222222174
1 0.368064578125 0.3895409902777778 0.01808036406250002 0.027551036111111118
1 0.333195302734375 0.3803573138888889 0.013775514843749993 0.021428580555555576
1 0.283689540234375 0.4140307958333333 0.05940691328124999 0.07653064722222228
1 0.21212217109375003 0.38083689375 0.047329490625000005 0.0755714875
1 0.140768558984375 0.40561242708333334 0.08351406796875 0.08112248472222221
1 0.8556809640625002 0.42048123680555555 0.07404340156250004 0.08265309861111107
0 0.5885958457031251 0.40419114513888893 0.014636486718749975 0.04132655138888887
1 0.43930372070312507 0.3886914486111111 0.01577649609374996 0.02056787777777771