1 0.36668116953125 0.47252977291666665 0.019009393749999992 0.02845850416666664
1 0.390192786328125 0.4663044770833333 0.028013841406250028 0.03735179027777783
1 0.346671284375 0.4805337277777778 0.02101037968749999 0.04446641388888884
1 0.3336648578125 0.48231238472222215 0.019009393749999992 0.04802372777777772
1 0.31165398164062497 0.48586969652777773 0.04302125546875 0.05869566805555553
1 0.2806386578125 0.4947629798611111 0.043021256249999994 0.06936760694444447
1 0.24962333398437497 0.5000989493055557 0.03901927890625001 0.09426880138888889
1 0.180589225 0.5072135770833334 0.12306080156249999 0.1440711847222222
2 0.47240007617187507 0.4233202638888888 0.03701828984374993 0.046245072222222204
2 0.517922566796875 0.4277669069444444 0.06403163671875003 0.11205536388888891
1 0.5219245441406251 0.4749013055555556 0.05602768203125006 0.09249014166666664
2 0.66082650078125 0.3895257902777778 0.251124075 0.31660086944444443
1 0.8300380652343751 0.5282610027777778 0.33992386953125 0.3699605694444445
1 0.44778642890625003 0.5259247097222223 0.11968951250000001 0.18030769722222226
1 0.0758073640625 0.5549757215277777 0.1491134921875 0.1672634597222222