1 0.4504855421875 0.5716455791666667 0.015383287499999999 0.022375688888888905
1 0.436500737109375 0.5753748611111111 0.018180247656249992 0.02983425277777777
1 0.35958430390625 0.5815903305555555 0.04894682187500003 0.07707181944444447
1 0.336509373828125 0.5977505534722223 0.02796961328124996 0.06464088194444441
1 0.28057014882812503 0.5977505527777778 0.10348756484375002 0.12430938611111107
1 0.48334983593749997 0.5716455791666667 0.016781765625000045 0.022375688888888905
1 0.46586882851562506 0.5728886743055556 0.015383285156250004 0.02486187916666667
1 0.502229324609375 0.5741317701388889 0.018180247656249992 0.02237569027777771
1 0.52040957265625 0.5691593944444444 0.009789364062500017 0.0422651916666667
1 0.530198936328125 0.5728886729166667 0.018180247656249992 0.044751379166666695
1 0.5457928792968749 0.5791041423611112 0.023352858593750005 0.0472375652777778
1 0.56166475 0.5878058006944444 0.022375689062499936 0.05469613194444444
1 0.58683740078125 0.5940212701388888 0.03915745624999998 0.07707182083333335
1 0.630889540234375 0.6039660222222223 0.08530731796875006 0.10193369722222224