1 0.324332524609375 0.4684803118055555 0.08420171328124999 0.09425047638888889
1 0.536396096484375 0.44907580069444447 0.05457518359374998 0.06098560138888895
1 0.661139375 0.43729449305555557 0.04054156562500007 0.062371641666666734
1 0.43036431015625 0.46085711180555555 0.05925305781250003 0.07900407638888886
1 0.46271959765625004 0.444224675 0.03820262968749999 0.062371638888888886
1 0.387093985546875 0.4546199479166667 0.03976191953124997 0.06375767638888889
1 0.252994961328125 0.4781825666666667 0.06626986640624999 0.08039011111111118
1 0.578496953125 0.4386805291666666 0.03430440156249999 0.051283347222222234
1 0.633072137890625 0.4324433645833333 0.017152200781250036 0.04435316527777778
1 0.618258872265625 0.4248201645833333 0.01715220078124995 0.02633469305555549
1 0.5149558453124999 0.4282852555555556 0.008576100000000064 0.013860363888888906
1 0.48649878515625 0.4366014743055555 0.018711490624999973 0.016632437499999972
1 0.49897311328124994 0.4324433645833333 0.007796454687499921 0.016632437499999972