1 0.479110909375 0.5997939347222222 0.019716498437500007 0.051546402777777764
1 0.471572248828125 0.6059794993055555 0.018556703906250062 0.05979382638888882
1 0.4379382246093749 0.6101032118055556 0.055670111718750005 0.0927835208333333
1 0.39502584375 0.6070104291666667 0.02087629062500005 0.0329896944444444
1 0.358492335546875 0.6090722840277778 0.033634027343750005 0.05360825694444442
1 0.32659799921875 0.614226925 0.02783505625 0.039175266666666646
1 0.29818304609375 0.6214434201388889 0.042912378125 0.05360825694444442
1 0.270347990234375 0.6276289861111112 0.033634027343750005 0.05360825555555553
1 0.21525777421874998 0.6317527 0.09046393281250001 0.09072166388888894
3 0.5185439078125 0.5441238194444444 0.05682990625000004 0.10927836388888884
1 0.53420112578125 0.6183506381944445 0.06262887656249996 0.08041238472222219
1 0.580012989453125 0.6059795 0.03131443828124993 0.05154639999999999
1 0.59509031171875 0.6183506368055556 0.03131443906250002 0.07216496250000001
1 0.634523307421875 0.6276289881944443 0.07306702265625002 0.09072166527777775
0 0.6947166082031251 0.6123712354166667 0.012757733593749964 0.07216496250000001
0 0.708054240625 0.6072165972222222 0.013917528125 0.07835052777777776
0 0.72429135546875 0.6092784499999999 0.011597940625000015 0.07010310277777773
0 0.8170748773437498 0.6113403069444445 0.018556703125000063 0.09072166388888887
0 0.804897040625 0.6113403062499999 0.01739691093750002 0.10721650972222226
0 0.7909795117187499 0.6092784520833334 0.015077321874999949 0.10721650972222226
0 0.856507873046875 0.6113403062499999 0.030154644531249986 0.10721650972222226
0 0.8710052988281252 0.6051547409722222 0.022036086718749993 0.09896908750000001
0 0.10092515507812501 0.6349872173611112 0.01971649765625001 0.08041238194444442