1 0.390569997265625 0.5485040909722222 0.021525596093749978 0.055275606944444416
1 0.36186920234375003 0.5474410965277777 0.05740159062500001 0.08716537916666667
1 0.344648723046875 0.5665749611111112 0.058358286718749985 0.0829134111111111
1 0.480857916796875 0.5421261340277778 0.015546263281249927 0.03826772638888885
1 0.49341451328124997 0.5431891277777778 0.028700795312499937 0.04889764999999997
1 0.322644778515625 0.5400001506944445 0.011958663281250014 0.0212598513888889
1 0.515657637890625 0.5516930645833333 0.05022639140625005 0.0701574986111111
1 0.5222349035156251 0.5601970069444445 0.02989666171875003 0.05740159166666664
1 0.556795437890625 0.5687009451388889 0.06457678984374997 0.11267719583333337
1 0.620893887109375 0.5729529145833333 0.12437011171875004 0.15094492638888887
1 0.71524774453125 0.6431104145833334 0.22601876249999994 0.21047249861111114
1 0.235346521484375 0.6133466270833333 0.14589571015625 0.16795280416666666
1 0.11281006874999999 0.6625986027777778 0.22562013749999998 0.29763787777777784
1 0.875350768359375 0.7372505791666667 0.24559822265625 0.5149733444444445
1 0.40420286875 0.5325592020833334 0.029896662500000025 0.0297637902777778