1 0.463874740625 0.5033172006944445 0.011996437500000035 0.012796201388888939
1 0.41948792265625007 0.5129143513888889 0.016795012499999994 0.027725099999999968
1 0.444080619140625 0.5011845 0.008397505468749955 0.02132699999999998
1 0.4728720691406251 0.5171797513888888 0.010796794531249976 0.023459700000000003
1 0.49146654804687506 0.5033172013888888 0.014395725781249969 0.03412319999999996
1 0.49806458828124994 0.5193124513888889 0.022793232812499918 0.027725100000000048
1 0.45487741328125003 0.5203788013888888 0.03478966874999996 0.051184799999999975
1 0.40809130703124996 0.5257105506944444 0.02519251875000004 0.03199049861111105
1 0.39969380078125 0.5385067513888889 0.027591806250000017 0.044786699999999985
1 0.375101103515625 0.5609001013888889 0.040787888281249976 0.08104260000000005
1 0.35050840703124997 0.57049725 0.029991095312499993 0.0917061
1 0.286327465234375 0.5736963013888888 0.12236366328124997 0.15781979999999995
1 0.5250565734375 0.5438385020833333 0.047985751562499956 0.06398100138888892
1 0.545450517578125 0.5609001013888889 0.045586463281250024 0.04691940000000001
1 0.580840008203125 0.5672982013888889 0.05638325859375 0.1151658
1 0.64981952265625 0.5864925020833334 0.15115511249999997 0.17488140138888886
1 0.8405051300781249 0.7133881520833334 0.31898973984375 0.47559210138888885