1 0.390510918359375 0.5377122458333333 0.010530632031249976 0.012480750000000047
1 0.3735449015625 0.5377122451388888 0.01638098437500002 0.024961498611111133
1 0.364769375390625 0.5366721840277778 0.012870772656249984 0.0270416236111111
1 0.32264684843749997 0.5262715597222223 0.0269116140625 0.03952236944444441
1 0.348388391015625 0.5283516826388889 0.029251755468749963 0.0520031152777778
1 0.40396672539062506 0.5345920576388888 0.023401403906250007 0.039522368055555604
1 0.415082390625 0.5408324333333334 0.029251753124999967 0.04368261944444443
1 0.43438854921875 0.5521988215277778 0.037442245312499976 0.0622551513888889
1 0.185163604296875 0.5106706243055555 0.07020420859375001 0.10400623749999996
1 0.241326972265625 0.5501929930555556 0.11934715703125001 0.14976898333333333
1 0.021792538671875 0.4689195368055555 0.04212252734375001 0.05824349027777779