1 0.45881638867187496 0.5028497520833333 0.017049871093750023 0.023316068055555583
1 0.4450453402343751 0.5156735777777778 0.013115285156249979 0.02564766666666674
1 0.43258581796875006 0.51683938125 0.019672928124999968 0.032642484722222226
1 0.41881476914062504 0.5191709888888889 0.020984455468749986 0.03730569999999997
1 0.405699482421875 0.521502595138889 0.026230569531250005 0.041968912500000025
1 0.38209196992187505 0.5191709902777778 0.03672279921875003 0.04663212222222223
1 0.514774945703125 0.5059585597222223 0.006557642968749988 0.018652849999999985
1 0.522866604296875 0.5057920166666666 0.012248730468749969 0.02564766944444443
1 0.542972809765625 0.5187823916666667 0.015738342968750006 0.030310880555555603
1 0.5580553859374999 0.5211140006944445 0.017049870312500028 0.03963730694444444
1 0.5731379667968749 0.5269430173611112 0.028853627343749987 0.04196890972222225
1 0.59149936328125 0.5374352444444445 0.03278821093750004 0.04896373055555551
1 0.611828057421875 0.5386010486111111 0.02623056953124996 0.06528497222222221
1 0.62756639921875 0.5409326555555556 0.04196891249999997 0.06528497777777775
1 0.64920661875 0.55142488125 0.056395724999999966 0.07694300416666663
1 0.7115042234375 0.5572538979166667 0.11279145312500001 0.12124352638888891
1 0.8393782558593751 0.5747409444444445 0.21115609296875001 0.1981865333333334
1 0.360670344140625 0.5339378361111111 0.048526555468749996 0.05129533888888886
1 0.9502024144531249 0.6400259208333333 0.09443005390624996 0.22150259722222232
1 0.05742621328124999 0.5289415451388889 0.11147992343749999 0.10259067638888893
1 0.50493848203125 0.49430053124999995 0.011803754687500057 0.02331606250000004