1 0.45962919687500003 0.3285935173611111 0.02241209375000004 0.0374999736111111
1 0.509067639453125 0.3379685104166667 0.007910150781250014 0.018749987499999992
1 0.178159663671875 0.39773409513888885 0.07646479140625 0.09140618472222219
1 0.226279748046875 0.3836716041666667 0.038232396093749975 0.04921871666666667
1 0.391074556640625 0.35320287638888886 0.017138660156249985 0.025781233333333337
1 0.36602574570312496 0.3625778694444444 0.03295896171875001 0.044531219444444485
1 0.476108676953125 0.3438278819444444 0.026367169531249957 0.03515622777777776
1 0.575644741015625 0.37312473611111113 0.01713866015624994 0.032812477777777835
1 0.58948750546875 0.37898410694444445 0.023730451562499956 0.03984372222222221
1 0.614536317578125 0.38484347847222217 0.042187471093749984 0.05156246527777779
1 0.54861839296875 0.3836716041666667 0.04746090624999999 0.06796870277777778
1 0.309720519140625 0.40359346736111107 0.10436900703125 0.10312492916666664
1 0.07589624726562501 0.40359346527777784 0.15179249453125002 0.14999989722222223