1 0.33692015859374996 0.4649485298611111 0.09858249062499999 0.10721651249999996
1 0.42912378203124996 0.4628866743055556 0.020876292187500044 0.024742270833333337
1 0.49291245234375003 0.47422688194444446 0.011597940625000015 0.0226804166666666
1 0.506829980859375 0.47731966597222214 0.02551546953125001 0.03298969583333336
1 0.5259665816406249 0.48453616250000003 0.024355674218749977 0.047422688888888904
1 0.549742358203125 0.47835059375000005 0.03711340703125003 0.08041238194444442
1 0.607152162109375 0.4659794583333333 0.10786084296874998 0.18762889722222223
1 0.7730027050781251 0.5391753465277778 0.23427838984375002 0.24329900972222226
1 0.45231966250000005 0.4701031701388888 0.020876292187500044 0.022680415277777793
0 0.41404646054687505 0.46804131458333337 0.013917528906249999 0.04742268750000002
1 0.135695898828125 0.48247430625000004 0.046391760156249996 0.06804124861111115