0 0.936215783203125 0.37078098819444444 0.021093735156250126 0.07499994861111109
0 0.876889651953125 0.34499975625 0.013183585156249933 0.07968744583333336
0 0.8498633031250001 0.34734350416666665 0.006591792187500012 0.04687496666666667
0 0.8590918132812501 0.35906224652777785 0.03559567968750006 0.13593740694444445
0 0.7813086632812499 0.3637497430555555 0.014501943749999935 0.07968744444444442
0 0.745712984375 0.3942184722222223 0.019775376562500037 0.1593748916666667
0 0.73714365390625 0.38484347847222217 0.023730451562499956 0.14062490416666668
0 0.706821409765625 0.3836716027777778 0.01582030078125003 0.15234364444444443
0 0.6936378249999999 0.3836716041666667 0.021093735937500035 0.15703114166666665
0 0.59146504296875 0.36140599444444443 0.011865225000000024 0.05624996111111113
0 0.20320847421875002 0.3250778951388889 0.018457018749999988 0.05390621527777779
0 0.20980026679687497 0.3426560076388889 0.013183585156249978 0.07499994861111112
0 0.665952297265625 0.3836716041666667 0.02373045234375004 0.14296865277777776
0 0.766147541796875 0.38835910069444446 0.02373045390625004 0.16171864027777777
0 0.8281103878906251 0.41179658402777775 0.036914036718749973 0.22265609861111113
0 0.7984473234375 0.40124971527777775 0.040869112499999895 0.20156236111111112
0 0.683750136328125 0.36960911458333334 0.01713866015624994 0.09609368194444445
0 0.71604991875 0.3742966104166667 0.02900388593750005 0.17578112916666666
0 0.578940638671875 0.37078098819444444 0.01845701953124994 0.09374993472222223
0 0.559824440625 0.37195286180555553 0.019775376562500037 0.09609368194444445
0 0.5459816765625 0.36726536527777776 0.013183584375000024 0.08203119444444443
0 0.22873519453125005 0.35189706944444443 0.022412093749999994 0.08906243888888885
0 0.529320925 0.35424081597222223 0.01186522656250002 0.05156246527777779
0 0.964560489453125 0.4117965881944444 0.04614254609374999 0.20390610972222223
4 0.8689795003906251 0.47273404305555555 0.06591792421875002 0.16171863888888885
0 0.99158683984375 0.37302616250000004 0.015820301562500028 0.1314470583333334
0 0.24012251171875 0.3496872527777778 0.015820301562499983 0.07968744444444446
1 0.40425814101562507 0.34499975555555557 0.01713866015625003 0.042187469444444445
1 0.500498308203125 0.3508591263888889 0.019775377343750032 0.04453121944444444
1 0.369321641796875 0.3567184979166667 0.02636716953125 0.056249962500000014
1 0.38184604648437503 0.3297653916666667 0.011865225781249978 0.030468730555555566
1 0.31263222734375 0.3649216173611111 0.08437494218750001 0.11953116805555557
1 0.455674121484375 0.40945283819444445 0.11469718671875002 0.17578112916666666
1 0.106218491796875 0.3895309743055555 0.21243698359375 0.4124997152777778