1 0.3857144578125 0.5701533173611111 0.02496812343749997 0.047449001388888946
1 0.35515003164062503 0.5716839305555556 0.04821430703125 0.06887758333333333
1 0.32200269531250003 0.5961737368055555 0.0800701890625 0.0719388069444444
1 0.532079320703125 0.5433675916666666 0.01635842578125004 0.027551030555555578
1 0.51615138046875 0.5709186222222222 0.03788267031250001 0.0704081944444445
1 0.5647961718750001 0.5556124958333333 0.037021699999999935 0.052040838888888885
1 0.448134767578125 0.6198982375 0.12914546640624996 0.1989796805555556
1 0.6762917574218751 0.5946431256944444 0.13086740546874998 0.14540822916666662
1 0.86309472890625 0.7230179631944446 0.26828065624999997 0.5234696236111112
0 0.784220471875 0.5442422458333334 0.012053576562500012 0.052040838888888885
0 0.7968275265625 0.5448982041666667 0.01033163593749995 0.04897961388888884
0 0.8170603160156251 0.5318879944444445 0.014636485156250068 0.04438777500000002
5 0.758944855859375 0.5823982208333334 0.03271685234374999 0.04438777499999994
0 0.599939401171875 0.5415978201388889 0.010331636718749948 0.03979593472222223