1 0.43707123085937505 0.39445864375 0.011476707031250033 0.0357053069444444
1 0.442809583203125 0.39445864513888895 0.013389489843750014 0.03910581527777776
1 0.44950432929687506 0.4012596548611111 0.011476707031250033 0.04930732916666669
1 0.45476448593749996 0.40551028749999996 0.01625866718750002 0.06460960555555555
1 0.46911036875 0.4089107923611111 0.033473726562499986 0.08161213472222223
1 0.52792848984375 0.4344145847222222 0.08990086718750004 0.1632242666666667
1 0.598223314453125 0.4641690083333333 0.14441521953124994 0.21593210555555556
1 0.793167923046875 0.4497168597222222 0.40933585546874995 0.6103907472222221
1 0.328201916796875 0.38255687638888886 0.04112486328124998 0.06120909999999999
0 0.3964245625 0.3927583902777778 0.012433098437500022 0.04080606388888886
0 0.272981654296875 0.38012794652777776 0.011476707031250033 0.0714106152777778