5 0.18009345625 0.7744712493055554 0.04435422812500003 0.11873110416666668
5 0.038180624609375 0.7901056881944445 0.07559652265625 0.15271901527777787
5 0.39103093984375004 0.7565709493055557 0.015294560937500012 0.0421450124999999
0 0.3435445203125 0.747598154861111 0.013000378125000012 0.04486404583333344
0 0.32901468828125 0.7550754965277777 0.008412009375000019 0.03534743194444445
1 0.43469327578124994 0.7372464250000001 0.010706192187500019 0.013595166666666596
1 0.42207526210937496 0.7386059423611111 0.009941464843750048 0.01359516527777771
1 0.47828277382812506 0.7379261826388889 0.010706192968749927 0.020392748611111088
1 0.46528239765625 0.739965457638889 0.009176735937499991 0.019033231944444316
1 0.48860660312500004 0.7426844895833334 0.022177114062500003 0.029909362500000074
1 0.49625388320312497 0.7501618319444443 0.02523602578125006 0.05030211111111116
1 0.51384262890625 0.7522011076388888 0.02829493749999994 0.06253775972222225
1 0.5329608296874999 0.7576391736111112 0.031353849999999996 0.07341389166666674
1 0.5650794082031251 0.7691950631944444 0.06653133984375001 0.09924470694444444
1 0.622245314453125 0.7892186611111112 0.09406154921874998 0.16450150000000008
1 0.705108457421875 0.8300077784722223 0.20013904921875003 0.2406271875000001
1 0.863537785546875 0.8306778770833334 0.2711946726562499 0.3371866513888889