4 0.7082880890625001 0.49277309861111107 0.06855464062500002 0.07499994999999997
4 0.5523921988281251 0.4728512388888889 0.010546869531250013 0.04921871666666667
4 0.564916604296875 0.47519498472222227 0.01450194140625003 0.03984372222222221
4 0.5748042921875001 0.47636685763888886 0.015820301562500028 0.05156246527777779
4 0.5853511593749999 0.47988248263888883 0.015820301562499937 0.05390621527777779
4 0.5952388484375 0.4775387319444445 0.019775376562499947 0.0539062138888889
4 0.6090816128906249 0.4775387319444445 0.010546866406250022 0.0539062138888889
4 0.619628481640625 0.47636686111111115 0.013183585156250021 0.05624996111111113
1 0.34013648554687503 0.4681637388888889 0.00791015234375001 0.030468727777777756
1 0.35068335234375 0.47167936111111114 0.015820301562499983 0.023437483333333297
1 0.371117909375 0.47050748750000004 0.019775378124999986 0.030468727777777756