1 0.390212567578125 0.4955080222222222 0.05223624765624999 0.059599566666666624
1 0.43387271484375 0.49204293125000004 0.03352475624999993 0.03603694583333331
1 0.63619071875 0.5017451861111111 0.06860880312499998 0.0720738944444444
1 0.522752300390625 0.4795686034722222 0.022609717968749977 0.030492801388888876
1 0.48922754453124995 0.4795686041666667 0.02572830156250001 0.03326487500000002
1 0.5707004984375 0.4878848222222222 0.038982274999999955 0.049897311111111106
1 0.600716849609375 0.5031312229166667 0.017931846093750002 0.05821352916666661
1 0.541073969921875 0.47263842222222224 0.012474327343750069 0.024948655555555553
1 0.521582832421875 0.45669900208333336 0.015592910156250018 0.01247432638888889
1 0.53795538828125 0.4553129645833333 0.012474326562499981 0.015246401388888841
1 0.49858329101562504 0.4580850388888889 0.01793184765625 0.012474327777777777