1 0.24285956953125 0.6063909347222223 0.07562561093750002 0.1011806555555555
1 0.010135390625 0.6216373381944444 0.015592909375 0.07623200416666667
1 0.854881279296875 0.7138087597222222 0.2892484773437499 0.5655028638888889
1 0.31600285898437497 0.5652257493055556 0.02289649296874998 0.050451537500000004
3 0.27443521210937505 0.5585726791666666 0.04677872890625001 0.09979462222222221
3 0.349696980078125 0.5506090243055556 0.04449174921875003 0.09631742361111112
0 0.335637383984375 0.5696609708333333 0.013253974218749987 0.05821353055555557
3 0.137607428125 0.5758981347222222 0.08030348593749999 0.09840858611111117
1 0.07211720859375 0.5987677347222222 0.0382026296875 0.0360369472222222
1 0.19608084140624998 0.5807492618055556 0.03664333749999997 0.030492801388888876
0 0.532497869140625 0.5370891145833333 0.009355746093750028 0.05682749305555556
0 0.5141762 0.5655028631944445 0.017931846875 0.10533876805555553
0 0.5964287984375 0.5370891152777778 0.02027078124999999 0.07345993055555561
0 0.80810255078125 0.5460983513888888 0.03352475625000002 0.12474327777777777
0 0.565242979296875 0.5322379875000001 0.018711489843749974 0.06930182222222223
0 0.5001425808593749 0.5689679527777778 0.014813264843750052 0.07068785833333335
0 0.490007190625 0.5696609708333333 0.017931846874999914 0.09702255000000003
0 0.476363394140625 0.5738190798611111 0.009355746093750028 0.0776180402777778
0 0.466617825390625 0.5641168243055555 0.010135391406249994 0.07207389305555559
0 0.4596010160156251 0.569660970138889 0.011694682031250014 0.07207389305555559
0 0.44478775195312503 0.5495634444444444 0.01325397421875003 0.04019505555555551
0 0.43582182851562495 0.5558006069444444 0.010915036718750049 0.04712523888888893
0 0.424906791796875 0.5516424972222223 0.01091503671874996 0.03326487500000002
1 0.37948631484375 0.5623509729166667 0.015086920312500007 0.04470198472222222