3 0.4401535765625 0.6115566749999999 0.03393203437499999 0.058243494444444446
1 0.454194418359375 0.6292377347222222 0.019891192968749926 0.027041622222222214
1 0.46765022578124993 0.6344380458333333 0.028081684375000027 0.037442244444444446
1 0.4735005765625 0.6354781083333333 0.02574154375000006 0.03120187222222223
1 0.418507278515625 0.6063563611111111 0.011700702343750003 0.01040062222222223
1 0.40856168203125004 0.6125967361111111 0.015210912499999996 0.0228813722222222
1 0.361758874609375 0.6271576097222222 0.017551052343750005 0.03120187222222223
1 0.37872489257812497 0.6167569854166667 0.014040842968750012 0.031201870833333346
1 0.39276573515625 0.6115566736111111 0.014040842187499968 0.024961497222222167
1 0.34537789335937497 0.6323579215277778 0.024571472656249992 0.033281995833333314
1 0.505092470703125 0.65107904375 0.05616336796874997 0.06240374305555558
1 0.68235810078125 0.712442723611111 0.22816368281250005 0.23921434444444445
1 0.9005761878906249 0.7467647819444445 0.19657178828125002 0.5033901861111112
1 0.328411876171875 0.6417184819444445 0.011700702343750003 0.022881372222222276