0 0.140372330078125 0.5926831708333334 0.06628693203125 0.235686875
0 0.965059768359375 0.5077665756944444 0.03119385078124992 0.12130942083333333
1 0.016571733203125 0.6386074513888889 0.03314346640625 0.15423626388888884
3 0.170591373046875 0.5233635013888889 0.27684542890624997 0.30500654444444447
1 0.43817612656250005 0.5727537645833333 0.17254098906250004 0.34486535138888885
1 0.712584535546875 0.51296555 0.07603501171875005 0.09011556944444439
3 0.925092645703125 0.4939026416666667 0.09943040078124987 0.07278565277777783
1 0.52932066015625 0.4930361479166666 0.03314346874999998 0.04332479305555555
1 0.57757364921875 0.48783717152777784 0.02047096406249995 0.02946085694444444
1 0.3616537109375 0.48870366597222226 0.04484116093749999 0.0415918013888889
1 0.5605145109375 0.48697067499999996 0.007798462499999914 0.024261883333333303
0 0.334359091015625 0.48350469166666665 0.009748078906250023 0.05198975277777783