1 0.464894883203125 0.6213996444444444 0.01029978671875007 0.02496917777777783
1 0.47051294804687505 0.6222319465277778 0.010299786718749981 0.023304565277777713
1 0.480344562890625 0.6205673347222223 0.020599572656249964 0.029963011111111135
1 0.48502628281250004 0.6272257805555556 0.018726882812500012 0.029963013888888904
1 0.49766692968750004 0.6213996409722223 0.02715398124999995 0.041615295833333316
1 0.50749854375 0.6305550069444444 0.02996301249999993 0.053267580555555506
1 0.5271617714843749 0.6322196180555556 0.03370838984374993 0.0665844777777778
1 0.40281526171875 0.6205673368055555 0.014981506249999966 0.02330456250000002
1 0.43980085703125005 0.6114119701388888 0.010299785937499983 0.011652281944444494
1 0.45805956953125 0.6172381131944444 0.007490756249999997 0.013316898611111109
1 0.36395697812499994 0.6213996388888888 0.019663228124999987 0.04827373888888889
1 0.38577380078125 0.6196517680555556 0.021535915624999992 0.026633788888888905
1 0.43025014882812496 0.620484075 0.013108817968749964 0.014981508333333378
1 0.34142316484375 0.6252654729166666 0.04282040937500002 0.06449498750000002
1 0.5641473664062501 0.6412917222222223 0.07116215781250004 0.09321826388888886