0 0.42060924687500006 0.4593748402777777 0.016874993750000032 0.07499997222222221
0 0.403206909375 0.45749984027777785 0.013710932812500066 0.05624998055555552
0 0.38896863242187496 0.45468733958333335 0.016874992968749992 0.07312497361111114
0 0.8183317703125 0.4621873381944444 0.015820306250000016 0.07312497361111114
0 0.8737028457031251 0.46874983611111115 0.021093744531250104 0.08249997222222226
0 0.901124709765625 0.46406233750000003 0.027421864843750043 0.09937496388888892
0 0.97758952734375 0.4706248368055555 0.03058592656249992 0.09749996527777777
0 0.7845817828125 0.4631248375 0.013710932812499976 0.0637499777777778
0 0.210410081640625 0.4218748527777778 0.02425780234374999 0.046874983333333294
1 0.19290227656249997 0.4265623506944444 0.10230465156249999 0.050624981944444473
1 0.18868352734375 0.4434373430555556 0.07277340937500001 0.058124975000000016
1 0.28898427421874995 0.5203123180555556 0.2024999296875 0.21187492499999996
1 0.5913630863281251 0.45656233958333337 0.007382810156250042 0.020624990277777755
1 0.5992732421875 0.45656234027777776 0.012656246875000044 0.024374991666666703
1 0.564890433203125 0.45281234027777784 0.009703133593750034 0.02062499166666664
1 0.5275545152343749 0.45749983819444445 0.01898436796874998 0.029999987499999985
1 0.512788896484375 0.4584373388888889 0.023203117968749964 0.04687498333333338
1 0.652534941015625 0.4603123388888889 0.015820307031250015 0.0393749861111111
1 0.6593904074218749 0.4612498381944445 0.014765619531249996 0.03749998749999995
1 0.675738057421875 0.45749984027777785 0.03902342421874998 0.05624998055555552
1 0.557402148828125 0.45656233958333337 0.007382810156250042 0.020624990277777755
3 0.5482615371093751 0.43812484861111106 0.01792968203125005 0.02999998888888887
3 0.53138654296875 0.43906234930555554 0.015820306250000016 0.028124990277777803
0 0.46901937968750007 0.46143733749999993 0.00949218437499999 0.05062498611111113
1 0.612509551953125 0.45609358958333335 0.02425780546875007 0.03374999027777774
1 0.5792869070312501 0.4579685895833333 0.0253124921875 0.03374998750000005
1 0.54817363671875 0.4607810895833333 0.01582030781250001 0.024374990277777737
1 0.1210223546875 0.6130661923611112 0.241523353125 0.5006248263888889
1 0.489902172265625 0.4584373409722222 0.04113279765625002 0.06937497638888886
1 0.6957771125 0.46593733888888883 0.045351545312500005 0.054374986111111114