1 0.84691376640625 0.3665623708333334 0.08226559687500004 0.08062496944444446
0 0.778359102734375 0.3806248666666666 0.01898436796874998 0.10874996111111107
1 0.7672848867187501 0.3646873722222222 0.08753902968750005 0.07687497222222217
1 0.682382573046875 0.3853123652777778 0.10335933671874997 0.069374975
1 0.5294529394531249 0.41718735416666675 0.02953123984374999 0.0393749861111111
1 0.569003707421875 0.40171860902777784 0.058007794531250045 0.08156247083333336
1 0.60011697734375 0.40968735625 0.080156221875 0.08437497083333341
1 0.34962878359375005 0.43406234722222226 0.017929681250000006 0.018749991666666608
1 0.23150382539062503 0.4396873444444444 0.01582030703124997 0.022499988888888902
1 0.2457421015625 0.4434373451388888 0.016874993750000032 0.02624999027777777
1 0.21884757851562497 0.43874984722222227 0.013710930468750026 0.0318749888888889
1 0.19933586796874997 0.4337498375 0.04007811093749998 0.04874998055555556
1 0.298094130078125 0.40818735694444447 0.07277341171875 0.1181249583333333
1 0.42360189921874997 0.47849983333333335 0.15082025937500002 0.2099999277777777
1 0.70136694296875 0.35624987569444444 0.04429686093750007 0.028124990277777803
1 0.170859315234375 0.43968734652777774 0.021093742968749996 0.0431249847222222
1 0.9530993062500001 0.4133420840277777 0.08837922031250009 0.08389829305555555