1 0.3495534921875 0.4435713333333333 0.022729587500000027 0.042244886111111095
1 0.377448894140625 0.4380611326388889 0.020663261718750013 0.03857141805555552
1 0.5269131527343751 0.44724480208333334 0.03512754296875 0.05142855972222217
2 0.45777068906250007 0.42410899166666666 0.03290230156250003 0.041891627777777767
1 0.42935751718750004 0.43910385763888893 0.02016231875000001 0.03453443750000002
2 0.40920636328125 0.4097229458333333 0.05269131562499996 0.038571419444444484
1 0.40222916835937494 0.43892210069444443 0.032028053906249944 0.04224489027777783
1 0.298396283984375 0.44259556805555555 0.08265304609375002 0.08999997777777777
1 0.13928917421875 0.47933025625 0.14257650000000002 0.13040813749999994
2 0.094003383203125 0.3975182854166667 0.18631611484375 0.2900494319444445
0 0.653032840625 0.45052469861111116 0.017563771875000002 0.09183671666666665
0 0.9479270937500001 0.4913264284722222 0.03306121718749999 0.2259183208333333
0 0.90918348125 0.5051019326388888 0.03822703281249993 0.20938770972222226
4 0.8115495730468749 0.565714163888889 0.08058671640625006 0.11020405833333334
0 0.7340623445312501 0.4821427541666667 0.018596935937500003 0.10469385277777776
4 0.7345789261718749 0.5170407048611111 0.08781886171875 0.07163263749999997
0 0.83376257734375 0.44816317083333335 0.021696423437499845 0.13224487222222225
0 0.8063837578124999 0.4490815361111111 0.020663257812499936 0.12306119722222222
0 0.78520391484375 0.46193867638888897 0.023762750000000034 0.10469385555555553
4 0.958596446484375 0.5308868340277778 0.08126216015625012 0.15047097083333338
0 0.5605647496093751 0.44580165555555556 0.010331630468750052 0.06244896666666667
0 0.593797548828125 0.4628570458333333 0.012397955468749977 0.09551018333333335
5 0.6170437171875001 0.45918357638888885 0.017563770312500004 0.05877549722222221
5 0.5906980597656251 0.4573468430555555 0.03926019453125003 0.0551020305555556
0 0.24613818359375 0.43346929444444443 0.013431120312499979 0.06612243333333336
5 0.47112234882812504 0.4481631701388889 0.008265303906250044 0.020204076388888836
4 0.49794481484375 0.45459169374999997 0.010728999999999989 0.02755101249999999