1 0.025140295703125 0.37683664930555555 0.04959182578125 0.05693876527777775
1 0.138689227734375 0.39214277361111116 0.054757641406250016 0.05326529444444448
1 0.23580655390625002 0.4040815451388889 0.05475764218749997 0.06612243472222225
1 0.080070135546875 0.38387747013888884 0.02996172734375 0.023877545833333298
1 0.18596934843750001 0.3866325701388889 0.035127543750000025 0.03673468472222226
1 0.3166644734375 0.3783672659722222 0.019630096874999968 0.023877545833333378
1 0.33474482617187495 0.3829591034722223 0.01446428203125003 0.01469387638888888
1 0.35024227265625 0.38112236875000005 0.016530609374999995 0.01469387638888888
1 0.36573971875 0.38112236875000005 0.010331629687499965 0.01469387638888888
1 0.382270326953125 0.38479583680555557 0.022729586718750028 0.02204081249999995
1 0.396734609375 0.3838774694444445 0.01446428281250003 0.01653060833333334
1 0.4644067894531251 0.38479583680555557 0.04029335859374994 0.02204081249999995
1 0.547576414453125 0.392142775 0.022729586718750028 0.022040811111111145
1 0.5790878875 0.3985713430555555 0.015497445312499991 0.0202040777777778
1 0.595618495703125 0.40224481180555555 0.015497444531249993 0.023877545833333298
1 0.61524859296875 0.40959175000000003 0.02169642343750002 0.031224483333333334
1 0.63384552890625 0.4114284833333334 0.025829076562500042 0.04224488888888887
1 0.6638072570312501 0.4114284833333334 0.04649233750000006 0.045918358333333326
1 0.6911860777343749 0.4141835854166667 0.03512754296875 0.0440816236111111
1 0.72166438671875 0.4169386875 0.03822703281249993 0.04224488888888895
1 0.81352197890625 0.4215305229166667 0.032215892187500025 0.058775498611111095
1 0.8559755835937499 0.4215305215277778 0.11261477187500005 0.06612243472222225
1 0.7559309671875 0.4190815451388889 0.05992345624999995 0.04224488749999998
1 0.5127776140625 0.4012690493055555 0.05269131406249992 0.04040815416666664