1 0.31934578125 0.41205545486111106 0.014738489062499971 0.022360973611111095
1 0.303117162890625 0.42562496527777777 0.010968749218750018 0.016499997222222222
1 0.294176173828125 0.4247207770833334 0.00996176953125003 0.02969162361111112
1 0.28216296953125 0.4346552583333333 0.030313745312499973 0.049560586111111055
1 0.385798310546875 0.46066034236111114 0.015283519531250001 0.08301412361111113
1 0.3739921578125 0.43987496805555554 0.021093746875000007 0.036000000000000025
1 0.41240153242187494 0.46243852291666665 0.045524989843749974 0.06312711527777772
1 0.49998483828125 0.5195957881944444 0.08045211250000009 0.17744164583333327
1 0.3321075 0.41234879999999996 0.010784948437500042 0.019052336111111144
1 0.135729776171875 0.4757752222222223 0.06477479765625001 0.08980051388888886
1 0.09989763125 0.4900101013888889 0.062005426562499986 0.0912702777777778
1 0.038390621484375 0.48937496249999995 0.07678124296875 0.1349999888888889
1 0.8635780546875 0.55274995625 0.27084372656249994 0.8744999319444444
1 0.6636093234375 0.5527499548611112 0.32315622343750006 0.4154999680555556
1 0.25866214414062505 0.4692641277777778 0.062005414843749974 0.068528325
1 0.358712878125 0.4301764638888889 0.015616200000000014 0.027489916666666638
4 0.46113665937500004 0.48753786527777776 0.022964996875000043 0.02109375277777777
4 0.46121320234374996 0.4565776798611111 0.014544482812500004 0.04082661805555558
5 0.34018779062500004 0.4184728354166667 0.006123992187500038 0.020413306944444383