1 0.018987333984375 0.5994934388888888 0.03797466796875 0.10869196111111114
1 0.7267402117187499 0.48253145 0.07120250156249996 0.055696180555555544
1 0.685442760546875 0.4732487527777778 0.05886073671874996 0.054008416666666725
1 0.632278225390625 0.4884386215277778 0.03037973671874994 0.047257359722222246
1 0.523955477734375 0.5130799604166667 0.02943036953125002 0.06075946805555551
1 0.512563080078125 0.49789009375000004 0.018037967968750034 0.030379734722222197
1 0.48170865898437504 0.517299367361111 0.026582267968750007 0.05569617916666666
1 0.456645382421875 0.5215187798611111 0.04367086796875004 0.07426157638888892
1 0.49490488203125 0.50464115 0.01803796718750004 0.0405063166666667
1 0.579493429296875 0.4911390409722222 0.04177213671875002 0.030379734722222197
1 0.41344919765625 0.5004217381944445 0.019936701562500048 0.02531644305555558
1 0.40727831601562503 0.5198310131944445 0.03607593671875002 0.03713078750000002
1 0.26202521171875004 0.6918140812500001 0.332278346875 0.44388167361111114
1 0.574461796875 0.5669196173611111 0.09018983750000001 0.1434598597222222
1 0.076898702734375 0.5618563159722222 0.08164553671875 0.08607591527777782
1 0.549791625 0.49216965000000007 0.013647309375000027 0.02079590000000001