0 0.90072244921875 0.4843711868055556 0.06433731875 0.28594363472222223
1 0.23444128632812503 0.4349809215277778 0.16864175546875002 0.1767651569444445
3 0.35726707539062497 0.3535303118055556 0.14719598515625001 0.22875490972222223
1 0.436226512109375 0.4020540805555555 0.030219044531249926 0.0623877027777778
1 0.45036122421874997 0.3985880972222222 0.031193850000000013 0.062387702777777714
1 0.48935353945312504 0.3769257034722222 0.02924423515625003 0.05372274305555555
1 0.571724802734375 0.3284019326388889 0.01462211640624993 0.025994876388888876
1 0.5610019144531251 0.33620039305555555 0.02047096484374995 0.02772786666666664
1 0.5200599859375 0.39338912291666667 0.047765584375 0.06931966805555557
1 0.63167548359375 0.36739424861111114 0.011697695312500044 0.03812581666666664
1 0.6453227941406251 0.37692570000000003 0.03119385078125001 0.04679077777777777
0 0.66189452734375 0.3786586923611111 0.009748078124999981 0.05372274305555555
1 0.5848847066406251 0.43324793194444444 0.10527924765625007 0.1629012222222222
1 0.59170836328125 0.3327344104166667 0.00974807812500007 0.01732991805555556
1 0.60925490390625 0.33620039583333333 0.011697695312500044 0.013863933333333299
1 0.788220501171875 0.39294726458333334 0.09343329453124997 0.11580439305555552
1 0.854906479296875 0.46184229444444447 0.2553996539062499 0.2755456861111111
1 0.9421517843749999 0.3803916833333334 0.02242057968749993 0.03639282777777776
1 0.5843973035156249 0.3315790881944444 0.008773272656250075 0.013863937499999994
1 0.5266886976562499 0.3382799847222222 0.014622118750000013 0.017329913888888864
1 0.53594937109375 0.33654699444444447 0.009748078124999981 0.013863933333333339