0 0.715921644921875 0.5193748194444445 0.11179683515624994 0.5137498194444444
1 0.8595700109375001 0.4306248430555556 0.27843740312500004 0.498749825
1 0.66580892578125 0.4692855527777778 0.05062498125000001 0.12374995555555554
1 0.641927792578125 0.45642840625 0.032695302343750045 0.0824999708333333
1 0.37177721210937503 0.45053555694444447 0.039023424218750026 0.08249996944444449
1 0.34910143906249996 0.4458748506944444 0.050624979687499974 0.0824999708333333
1 0.31587879414062503 0.46274984513888884 0.04535154453125001 0.09374996805555556
1 0.15609369570312498 0.501562325 0.28265615390625 0.2643749083333334
1 0.05431638906249999 0.5006248263888889 0.1065234015625 0.25124991388888884
1 0.489374830078125 0.4753123347222222 0.21515617421875 0.3543748777777778
1 0.6096091609375 0.42915164375 0.025312490625000007 0.042946437500000045