1 0.129621405078125 0.5404078222222223 0.25924281015625 0.3018126666666667
1 0.8807755453125001 0.6396525402777777 0.23744806093750004 0.22024167222222216
1 0.926659228125 0.6821374222222223 0.14338650937500005 0.24267370000000005
1 0.268228366796875 0.6056646159722222 0.05161914296874999 0.07341389305555555
1 0.370893108984375 0.5696374513888889 0.029824394531249965 0.04486404444444447
1 0.34221580703125004 0.5665785333333334 0.036706946875 0.05913896388888883
1 0.31353850351562496 0.5665785395833334 0.03900113046875 0.06729606805555556
1 0.271669643359375 0.5665785333333334 0.07914935390625 0.08768881111111118
1 0.41104133750000005 0.5679380319444445 0.027530209375000014 0.0387462194444444
1 0.44277754140625003 0.5699773048611111 0.02294184218749997 0.034667670833333296
2 0.47164602539062506 0.555362507638889 0.021794750781250018 0.03670694583333337
1 0.5590161984375001 0.6593655222222223 0.32577415000000004 0.199848925