1 0.443050166015625 0.3933891222222222 0.012672502343749947 0.013863933333333339
1 0.4610841109375 0.3890566430555556 0.009748078124999981 0.012130944444444462
1 0.44987382070312504 0.3795251875 0.010722886718749968 0.010397949999999965
1 0.47668103671874995 0.38559065972222223 0.007798462500000003 0.012130944444444462
1 0.48252988359375004 0.3899231388888889 0.007798462500000003 0.010397952777777815
1 0.49325277031250003 0.3985880972222222 0.007798464062499999 0.010397950000000043
1 0.49520238554687507 0.41245203055555557 0.011697694531250047 0.013863933333333339
1 0.4937401738281251 0.42544946874999995 0.016571733593749992 0.019062909722222247
1 0.47911805625000004 0.4193839979166667 0.01072288593750006 0.017329918055555518
1 0.4654707464843749 0.42025049375 0.016571733593749992 0.015596926388888871
1 0.445487185546875 0.41158553472222226 0.011697694531249959 0.012130941666666692
1 0.4430501660156249 0.42804895625 0.014622117968750015 0.017329918055555518
1 0.47521882460937503 0.4384469069444445 0.02047096484375004 0.024261883333333303
1 0.515673350390625 0.43931340208333336 0.029244235156249944 0.02946085972222221
1 0.5449175855468751 0.4167845104166667 0.015596924218750008 0.019062909722222247
1 0.5527160488281251 0.4367139145833333 0.023395388281250006 0.031193851388888937
1 0.6004816328125 0.4497113534722222 0.08578309062499993 0.12650839583333334
1 0.40113342890625 0.4505778486111111 0.047765584375 0.07278565277777777
1 0.39041054218750004 0.40725305555555563 0.012672501562499994 0.010397949999999965
1 0.375301020703125 0.3639282625 0.02729461953125001 0.013863933333333339
1 0.406007467578125 0.3587292875 0.016571733593750037 0.013863933333333299