1 0.76310094453125 0.4518141555555556 0.011392399999999992 0.01856538888888887
1 0.7526579109375 0.4492825138888889 0.011392399999999992 0.016877630555555516
1 0.74316424453125 0.45012639444444447 0.007594932812500055 0.018565391666666643
1 0.7289237433593749 0.4459069888888889 0.020886067968749967 0.016877630555555592
1 0.06325155703125 0.47734158680555555 0.0543512453125 0.05544300138888884
1 0.13243665585937497 0.4816875854166666 0.04272150078125001 0.05738394583333333
1 0.31186696328124996 0.47240488958333327 0.016139235937500017 0.0286919708333333
1 0.344620114453125 0.470717125 0.05506326953125003 0.04894513055555557
1 0.391139082421875 0.47240488888888893 0.05506326953124998 0.0388185527777778
1 0.4215188171875 0.4715610069444444 0.018987334374999953 0.037130788888888905
1 0.447626401171875 0.4698732409722223 0.035126567968750064 0.03713078472222225
1 0.630379491015625 0.45295340138888884 0.011392399218749993 0.02320674166666671
1 0.6142402574218749 0.4681432701388889 0.011392399218750082 0.0037974680555556183
1 0.594303555859375 0.45822766319444447 0.00949366640624998 0.020253154166666655
1 0.573298819921875 0.4616031881944444 0.013053792968749978 0.023628681944444452
1 0.56012635625 0.4597466638888889 0.013291134375000003 0.016877630555555592
1 0.663132644140625 0.4521517319444444 0.01234176640625 0.021940916666666668
1 0.953947408984375 0.4654006555555556 0.057768939843749936 0.07088604722222216
1 0.9249205113281249 0.4687761819444444 0.028480999218749935 0.027004208333333363
1 0.900664203515625 0.4549787250000001 0.03930380390624997 0.037721488888888884
1 0.9834489902343752 0.470717125 0.03132910078125004 0.09620249444444448
1 0.111075905078125 0.49563975069444444 0.07215187109375 0.0810126263888889
1 0.18714391328125 0.48938095833333334 0.06669301093749999 0.06849504166666662
1 0.20838599179687498 0.46357225416666664 0.03892403359374998 0.03375526111111111
1 0.24707268437500002 0.4834737888888889 0.06265820312499999 0.06005622499999998
1 0.028481000781249998 0.5082979743055556 0.056962001562499996 0.07257380972222226
1 0.785126264453125 0.4535863125 0.02183543515624997 0.025316444444444385
1 0.5995250734375001 0.4540082541666667 0.00854430000000006 0.018565391666666643