1 0.025345003906250003 0.5640888069444445 0.05069000781250001 0.1334403638888889
1 0.030219043359374996 0.5172980305555555 0.06043808671874999 0.10571249722222223
1 0.12038876914062499 0.52509649375 0.23882792265625002 0.1698331902777778
1 0.17156618125 0.49650212986111114 0.066286934375 0.046790776388888844
1 0.27879504414062495 0.5172980312500001 0.07798462734374997 0.0675866791666667
1 0.313888126171875 0.5155650388888888 0.06043808671874999 0.06758667777777774
1 0.352393036328125 0.5198975180555555 0.05361443203125003 0.06585368611111117
1 0.3825145984375 0.5164315333333332 0.01754654062500003 0.027727866666666597
1 0.39031306171875 0.5155650374999999 0.031193851562500007 0.0329268416666667
3 0.38105238671874997 0.497368625 0.041916735937499984 0.03812581666666672
1 0.569677705078125 0.5138320458333333 0.01949615703124996 0.03292684166666662
1 0.535072026953125 0.5242299972222223 0.022420580468750017 0.025994874999999952
1 0.499004136328125 0.5172980312500001 0.012672502343749947 0.019062909722222247
1 0.488281250390625 0.5181645263888889 0.006823655468749923 0.017329916666666632
1 0.48291980703125004 0.5181645263888889 0.009748078124999981 0.017329916666666632
1 0.475121344140625 0.5155650395833333 0.007798463281250001 0.015596926388888951
1 0.469759901171875 0.5155650395833333 0.00877327109374999 0.015596926388888951
1 0.46196143828125 0.5129655513888889 0.008773270312499993 0.01386393611111111
1 0.443927493359375 0.51469854375 0.007798463281250001 0.013863934722222224
1 0.424431336328125 0.5138320472222222 0.009748078906250068 0.015596927777777757
0 0.410881506640625 0.5112325583333334 0.004874038281250037 0.02079590000000001
0 0.4152681421875 0.5120990548611111 0.005848846874999936 0.019062909722222167
0 0.585469598046875 0.5216305083333334 0.005848846093750026 0.03812581666666664
0 0.588881426171875 0.5198975166666666 0.0048740398437500335 0.03812581666666672
0 0.5952176765624999 0.5216305083333334 0.005848846875000024 0.03812581666666664
0 0.600091715234375 0.5216305090277777 0.005848846093749938 0.031193851388888857
0 0.61715085390625 0.5259629881944444 0.006823656250000009 0.046790776388888844
0 0.622999700390625 0.5233635006944444 0.00877327109375008 0.04159180138888882
0 0.5079723742187501 0.5164315340277779 0.006823654687500014 0.020795901388888892
1 0.5246903234375 0.49390264166666664 0.0058488484374999315 0.015596924999999985
1 0.45401675429687505 0.5155650381944444 0.00877327109374999 0.020795901388888892
0 0.609986009765625 0.5216305090277777 0.0068236554687500115 0.05025675972222222
0 0.5490605191406249 0.5172980298611112 0.005848847656249934 0.02426188472222219
1 0.8236770449218749 0.5874173055555556 0.34753658671875004 0.2735383416666667