1 0.460401350390625 0.4882079791666667 0.03438682421874999 0.04584909999999998
1 0.32428684140624997 0.5043400756944444 0.04871466718750002 0.050943443055555565
1 0.27055742851562503 0.5187740458333333 0.07020643203125002 0.07641516388888887
1 0.1179659 0.5085853569444445 0.10602603749999999 0.08150950833333334
1 0.17814284218749998 0.5391514215277777 0.15187513593749996 0.1120755736111111
1 0.523443859375 0.48438722083333335 0.017193410937499997 0.03820758333333332
1 0.07187800859375 0.5620759701388889 0.1437560171875 0.17320770138888889
1 0.39879162421875003 0.51962310625 0.10029490156250001 0.14264164027777776
1 0.494788173828125 0.49542497361111104 0.051580236718749985 0.08915102777777777
1 0.6409321710937499 0.5183495236111111 0.09169819531250001 0.11971708888888889
1 0.549233976953125 0.4865098736111111 0.045849097656250046 0.05603778888888892