1 0.32656206484375 0.5914211854166667 0.03959661562500001 0.05475087361111114
2 0.407075180078125 0.5710851451388889 0.09679172421874997 0.17676710416666666
1 0.13253865390625003 0.5757780791666666 0.1583864578125 0.11419468055555555
1 0.084307784765625 0.7509808881944445 0.16861556953125 0.48962924583333334
0 0.039706591796875 0.5186807506944444 0.03783676484375 0.1251448541666667
0 0.17609492929687504 0.6453899138888889 0.05367541015625001 0.25341832777777784
0 0.253384783984375 0.6466684979166667 0.06549022109374998 0.23407514583333336
0 0.34836221523437494 0.5778563840277778 0.007919322656249995 0.02815759305555553
0 0.34044289218749996 0.5762920743055555 0.009679171875000003 0.025028973611111067
0 0.46583216406249994 0.6083604416666667 0.01583864531249999 0.07039398055555558
0 0.55822426484375 0.6114890625 0.03167729218749997 0.13609503055555558
0 0.5956210671875001 0.6349537222222222 0.044876164062500036 0.2518540194444444
0 0.63961730546875 0.6545076069444444 0.05367541093749999 0.3003476527777778
0 0.925476584375 0.6798047520833332 0.07039397968749998 0.3879490513888889
0 0.8718011757812502 0.70405156875 0.08271292812500004 0.4051564708333334
0 0.7882083222656251 0.7001407909722221 0.11087051953125 0.5913094402777778