1 0.46564326953124996 0.6451999576388889 0.027287592187499942 0.045739204166666686
1 0.44225390390625 0.6590603222222222 0.024169009374999995 0.03742298333333333
1 0.36195041796875 0.6569812666666667 0.011694681250000016 0.03049279999999999
1 0.334273003515625 0.6646044659722222 0.03742298359374998 0.04573919861111114
1 0.50505433671875 0.6633376201388889 0.056134474999999996 0.0637188486111111
1 0.3986327296875 0.6779104145833332 0.07250702968750003 0.08177614861111103
1 0.165338823046875 0.6774660798611111 0.10074242734375002 0.07083731527777783
1 0.06250969726562501 0.6983313555555556 0.12396363203125 0.1289013888888889
0 0.15450786523437499 0.6941732465277778 0.03352475546875 0.1510779736111111
0 0.6356790765625 0.6539781888888889 0.01091503593750005 0.056827494444444446
0 0.5620025785156251 0.6477410236111111 0.010135391406249994 0.03880901944444446
0 0.54407073203125 0.6532851722222222 0.011694682812500013 0.04158109166666664
0 0.2710242515625 0.6701486229166667 0.009355746875000025 0.04851127361111109
0 0.2604990375 0.6743067298611111 0.00857610000000002 0.04851127083333332
0 0.302210070703125 0.6694556 0.009355746093750028 0.03603694444444443
0 0.312345464453125 0.6687625875 0.0077964554687500074 0.04573920277777772