5 0.040449932421875 0.69202046875 0.07800226171875 0.26374620694444434
1 0.202994969921875 0.5981872729166666 0.25014672734375 0.27326282083333325
0 0.8112721777343751 0.5795441256944445 0.020647658593749972 0.09516615694444444
0 0.79368343203125 0.5686679923611111 0.019118201562500124 0.10604229027777773
0 0.7760946859375 0.5564323430555556 0.011470920312499988 0.05981872777777776
0 0.763476673828125 0.5781846069444444 0.024471297656250002 0.10060422500000002
0 0.719887175 0.5809036416666667 0.01682401718749995 0.07885196111111112
2 0.557104384375 0.5404078222222222 0.022177112500000006 0.03806646666666664
1 0.6056646160156249 0.5773413618055555 0.018353471093749983 0.04894259583333335
1 0.622106269140625 0.5698640208333333 0.023706569531249944 0.07749244166666666
1 0.49401432148437496 0.5444863722222222 0.021412385156249946 0.033987913888888874
1 0.6646761343750001 0.5777945277777778 0.06806079687500004 0.108761325
1 0.5270250843750001 0.5743957347222223 0.049707321875000064 0.07477340833333336
1 0.5800462261718751 0.5432259833333333 0.028294939843750023 0.05709969444444446